-90.5113655394,-31.0727254063
-88.1674693037,-29.8393491413
-99.1956358171,-31.9695729137
-123.8151900496,-37.8667778670
-64.3399258540,-24.8325989448
-120.8028790836,-37.2200831404
-106.4357010818,-34.8787757473
-107.6493148039,-34.5976012210
-88.0499537773,-31.3956881974
-88.6276531152,-30.4218704416
-124.6061746577,-38.0980343197
-105.2806940127,-34.4538025632
-108.8470824726,-34.7296693392
-96.6501514597,-32.9979580654
-128.3294840623,-38.9613375308
-109.4729306186,-34.4153445603
-107.2216876885,-34.6005942578
-95.7652965207,-31.7350609735
-139.2045762306,-40.8936887724
-73.3463510717,-26.9916116176
-68.6495103666,-26.3446837617
-66.3805262647,-25.1133421031
-86.6772034731,-30.1143829755
-84.5623029988,-28.9442462696
-71.4513977814,-26.8772731079
-71.2736779628,-26.1548092562
-99.4011056553,-32.3634609461
-105.4719455784,-33.7170965499
-78.0171650247,-28.3472909131
-86.4925727723,-30.4299944620
-106.8599690002,-34.1363164394
-125.1507550969,-37.6559633215
-83.1585509552,-29.3639519909
-103.6801411730,-33.3175232399
-91.4093330923,-30.8673355586
-78.1685650069,-28.0515876885
-75.2117017668,-27.1906138191
-91.8740276328,-30.5821545048
-85.2696398795,-29.2390679904
-67.5686697268,-26.1962865201
-69.8896902003,-26.0984745564
-86.7916367096,-29.8519498906
-92.7121981528,-31.2383996701
-59.9286180141,-23.9831331715
-76.0229684758,-27.0460578262
-91.4473075956,-31.3384037171
-90.3596631634,-31.2708366437
-84.1271210281,-29.5009476854
-89.5235540315,-30.9062020310
-106.2393506458,-33.9317671818
-96.6187105897,-31.3014031937
-104.6062972962,-33.9234363426
-101.3439171955,-32.6761204064
-114.4081824702,-35.5908257726
-89.8126876223,-30.5202481617
-94.5194724585,-31.3054436227
-83.4152510434,-29.5555555036
-106.0966004599,-33.4510757963
-108.0891334234,-34.1061617146
-44.5912678415,-20.5522269681
-57.9085330544,-23.0579521836
-40.9877256973,-19.6951765168
-54.2606325186,-23.6108586898
-39.4783171902,-18.9511498456
-32.8725942539,-17.7013055967
-58.9185879135,-23.0699847532
-45.4958151758,-21.0139210577
-44.6200545748,-20.4147037837
-63.9841599979,-25.1713092364
-61.9800347230,-23.4756150459
-71.8950109500,-26.0725739112
-37.7139268249,-20.2954687164
-41.5812471786,-20.9265560134
-84.0038049047,-28.5509081893
-74.9715405604,-25.9779211366
-38.4637478876,-18.3724191891
-35.7783317131,-19.1722939778
-44.3118037194,-19.6916440868
-64.6230847497,-24.1266996189
-42.4212483530,-19.9787121459
-26.6622020334,-16.3176325898
-60.9544114039,-24.0193266345
-52.8394668642,-22.0505283825
-45.4113618335,-21.1947245031
-45.6510055054,-20.0185250318
-40.1255713149,-19.7206248913
-42.9504059105,-19.9588020849
-47.9449228511,-20.5243583565
-57.4075433684,-22.4069983069
-52.2695057265,-21.9820864103
-41.4578714440,-19.6501735862
-39.1485404321,-19.0854367999
-42.5233128591,-20.5047368722
-27.9753310357,-16.8094078745
-33.1351030022,-16.9943877120
-80.2585372808,-27.2238458532
-54.0822493412,-21.6288069574
-38.8058083169,-19.0081984993
-58.5331192625,-22.7885069770
-37.7215627125,-18.6641382900
-60.7971024337,-23.3004016834
-47.7265900382,-21.4690473931
-39.8484578940,-19.2132134673
-37.1931149777,-18.3381247203
-57.0109083315,-23.1408066232
-29.2994616967,-17.3465225860
-44.2111681346,-20.2999276620
-42.3115478604,-20.4207215179
-29.5296981211,-17.0784768484
-58.6785301226,-22.3485415759
-50.7254819333,-20.3091454818
-30.7486071231,-17.6016827865
-52.8407142726,-21.3344434105
-38.8970122931,-18.2224876224
-35.1901712207,-18.1197187510
-36.4088252868,-17.4186204293
-42.7461420781,-19.6197236546
-32.1749917498,-17.7919602912
-33.7751480897,-18.6243914356
-48.4574865213,-20.9144347942
-54.9725210227,-21.3131282882
-45.1645337392,-18.8350979531
-34.1568796534,-18.1441352327
-35.9948087130,-19.0391281008
-35.8444534808,-17.8502727102
-35.0786260309,-18.0006158667
-33.7088290367,-17.9395544371
-41.4533509000,-19.1313105563
-31.6703901907,-17.7249335825
-50.1620535439,-21.2304651755
-54.7592797860,-22.7694234862
-46.9024680821,-21.2314759763
-48.7132433808,-21.6518366108
-52.6289513225,-22.1714213308
-55.3665923554,-22.7863773132
-59.5942730819,-23.5959771393
-60.6965429897,-23.6754796438
-45.6811609462,-20.6728136295
-50.2072892112,-22.6641497989
-51.4164325995,-22.1498883450
-51.4026598444,-22.4081631235
-65.2513160529,-25.7254648954
-45.2352657340,-21.7229007736
-48.3245139659,-22.3154582432
-72.9675606141,-25.7908108514
-69.5080156129,-26.3172838538
-36.8791140245,-20.4448608757
-54.4740074101,-22.7765218811
-56.7425634309,-23.6063249135
-50.1220006558,-21.7461480221
-46.2165430850,-21.3494735183
-44.7760702840,-20.3287126214
-39.8554952930,-19.7567638931
-59.4267839322,-23.9048733414
-55.3383990590,-22.6786911616
-62.6278562305,-24.6711248843
-43.8067104742,-21.4160381072
-74.1063725860,-26.4129416113
-59.2168298605,-24.7616094899
-55.3716815133,-23.2738132071
-46.8620510041,-20.5740395938
-58.6570615906,-24.4314567236
-49.8584400383,-21.8377210984
-58.0098528090,-23.6279273937
-53.6907220299,-23.5100191859
-45.6411253394,-21.9566297606
-61.3217288359,-24.4336702398
-59.4718265620,-23.6723650940
-64.4239499925,-25.4473733132
-56.1126719058,-23.3498727680
-44.6726735968,-20.2419296616
-42.4058667128,-20.1809833921
-57.4593455088,-24.6011242499
-63.8614628051,-25.4489720641
-64.4775814443,-25.2788223916
-72.3851707473,-26.4828925706
-72.2018845605,-26.4499674779
-50.2618387397,-22.9791170629
