-2.6475962428,1.0752534681
-2.5318358436,0.7116691024
-2.4390549661,0.9713903610
-2.2444647691,0.8574662571
-2.5692238923,1.1902791979
-2.6994588411,1.2985054423
-2.3156745515,1.1734027774
-2.5169698693,0.9909991631
-2.1751034927,0.7779670441
-2.4372064602,0.7349530537
-2.7894749694,1.1245320691
-2.3079711452,1.0217705880
-2.4345077337,0.7100383467
-2.2638119531,0.9501508032
-3.2538715402,1.3470743721
-3.0156643376,1.6912087940
-2.9553141352,1.4171846382
-2.6724069024,1.1071048357
-2.8980554325,1.0911871210
-2.5908783781,1.3318503904
-2.6791120232,0.8107771175
-2.6215439380,1.2788966402
-2.5350093854,1.4298408415
-2.5418465516,0.9121879384
-2.1160796746,0.9327611910
-2.4764256468,0.6221088926
-2.5026273650,1.0250320995
-2.6561498695,1.0153630572
-2.7259685933,0.9602277383
-2.2471634955,0.8823809641
-2.3255358460,0.7673552343
-2.8566609895,0.9338194508
-2.5962098082,1.4923423969
-2.8966817419,1.5480068456
-2.4372064602,0.7349530537
-2.7205711404,0.9103983243
-3.0016298673,0.9840408194
-2.4372064602,0.7349530537
-2.2332124159,0.8924419610
-2.5894873195,0.9607785512
-2.6638532757,1.1669952466
-2.3715248277,0.3004368915
-2.2215026154,1.0620521968
-2.5463937840,1.1735399527
-2.3598337436,1.2450225622
-2.4841290530,0.7737410820
-2.5021038949,1.2703292238
-2.3025736924,0.9719411740
-2.7169575192,1.1547526810
-2.5867885931,0.9358638442
-2.2299142372,-0.3502404663
-1.9475478425,-0.0777258292
-2.0601346998,-0.4323132026
-1.6177826911,-0.4843401234
-1.9795210703,-0.4768367116
-1.4137239726,-0.2691047526
-1.7660585045,0.0098116704
-1.5501378752,-0.1060768441
-1.9965623010,-0.4859549410
-1.4655852225,0.0070633506
-1.5181472795,-0.5348575256
-1.7885618624,-0.0072236084
-1.9117928637,-0.8158024039
-1.5948218859,-0.3326703127
-1.9110260339,0.1129491680
-2.2101082574,-0.2553743515
-1.3791180411,-0.0055711696
-1.6735196383,-0.3610053896
-1.8610619447,-0.8653357843
-1.6929328451,-0.3789834359
-1.4675010996,0.0799219365
-2.0236128912,-0.2416382054
-1.6601594000,-0.7598202384
-1.5510554668,-0.4811781660
-2.0434188711,-0.3365043202
-2.1434457074,-0.3099588575
-2.0443351143,-0.6586895130
-1.9066121954,-0.4226441602
-1.6750427423,-0.2112587352
-1.9906400295,-0.2375711017
-1.6902341186,-0.4038981429
-1.7293872825,-0.4060797116
-1.8510686047,-0.2379630563
-1.3277802613,-0.5270363971
-1.2340831406,0.0548700542
-1.6705789006,0.2446182220
-2.0430274464,-0.3125323808
-1.9420669989,-0.8447842146
-1.5853520159,0.0494052910
-1.6060728906,-0.3147298876
-1.3195520365,-0.3804553333
-1.6529308091,-0.2181953958
-1.7929596814,-0.3524379731
-1.6285102257,-0.2211025740
-1.5389528932,-0.2346798617
-1.5690949830,-0.0423364876
-1.5997605429,-0.0952902378
-1.8983839706,-0.2760630964
-1.9060200057,0.0391478145
-1.6695792667,-0.1504255567
-1.1578247354,-0.0892334073
-1.2571773397,-0.3710410703
-1.7202502231,-0.6831493280
-1.2634250131,-0.5327342567
-1.3739200048,-0.4403044899
-1.6350907096,-1.0419409805
-0.9503917100,-0.1543497403
-1.5408527508,-1.0426289687
-1.4489867681,-1.0521767739
-1.7289532632,-0.1364733598
-1.7603356497,-0.1267083966
-1.5643543941,-0.6117043398
-1.7585531665,-0.4738082964
-1.2851441732,-0.4489095275
-1.3753757377,-0.1269791140
-1.6343225313,-0.0602732796
-1.4665688368,-0.4787005636
-1.6216157937,-0.3915390806
-1.5887576096,-1.4366887256
-1.3962079265,-0.9532435553
-1.7410544884,-0.3300555351
-1.2590258457,-0.1346037629
-1.6305434772,-1.3032929948
-1.7228815784,-0.4946558996
-1.5405433684,-0.2485119287
-1.6426620703,-0.6689836062
-1.7084730514,-0.3499603708
-1.5602819771,-0.1797993221
-1.4162293425,-0.5522058835
-1.7326781987,-0.8429569793
-1.7719634080,-1.0664637329
-1.9089208456,-0.4266736428
-1.4410400022,-0.5203545158
-1.5146670521,-0.5647444827
-1.0367121748,-0.8541138572
-2.0770485968,-0.8601098622
-1.3830144696,0.0823995389
-1.3881964863,-0.3636748338
-1.5517283504,-0.1199089112
-1.8891795400,-0.3895539914
-1.6906489714,-0.2928982625
-2.1306923299,-0.2368418591
-1.2571773397,-0.3710410703
-1.5406093911,-0.3591745211
-1.6397860069,-0.1211064580
-1.9275485061,-0.2908755522
-1.6954382150,-0.6620845667
-1.7080816267,-0.3259884313
-1.4136140068,0.1401083811
-1.2873194295,-0.1786976962
