-415.2926892227,-128.7519871430
-409.4614344520,-101.7250347751
-461.0353964613,-102.9447341536
-575.4387505609,-115.4250474743
-288.4031756984,-119.2162145781
-563.8465486910,-114.3762778417
-501.8914516797,-98.1174501100
-504.0918199450,-123.1265973361
-408.2670325422,-98.7204347181
-407.7668840496,-99.7198068585
-586.8219177926,-107.4747057551
-498.3505434323,-97.1032714667
-513.5129207981,-91.1659911736
-448.3160622835,-92.8879031146
-600.5745064533,-104.5310324522
-509.5756178869,-114.1493368401
-498.5493640597,-122.1029441599
-440.9026283262,-116.8593173460
-652.4264060516,-110.7502087472
-330.6068599684,-117.3917908003
-305.8447065842,-127.2894701097
-301.1523654727,-103.2695002845
-403.9987727683,-102.7041463775
-395.9047739831,-96.6713526412
-330.9051330964,-97.3971802924
-324.9906659773,-125.3732083260
-465.5684847050,-94.9626964627
-500.1844417202,-96.1102218594
-357.9913452891,-108.5100092991
-403.8273127186,-97.7041698458
-500.4021319568,-103.1119306839
-588.6761635941,-108.4834205455
-386.6161666926,-105.6309866483
-481.1490226584,-134.0300863817
-427.0499253714,-111.8022905839
-359.8186269192,-101.5185272150
-344.1132674693,-111.4508369537
-430.7822260037,-99.8175284269
-398.2112803314,-99.6791431884
-297.8092716084,-129.2515537265
-311.4058919376,-118.3124135624
-404.0345313097,-91.7016696489
-427.3181654428,-102.7997493416
-267.1343416441,-104.1234572457
-346.0899425099,-108.4589636329
-421.5792252416,-112.7751884486
-415.6736205025,-103.7494349634
-384.8946819216,-102.6219503651
-413.5655301768,-104.7445837961
-490.4182734393,-110.0683340334
-447.1890079455,-93.8854288255
-492.1267872278,-96.0771406570
-463.8060401638,-112.9525605659
-534.6779919757,-117.2549194086
-413.5962940232,-119.7443320119
-436.4331909247,-117.8422179597
-379.0802209061,-119.5979731623
-494.2982661942,-104.0834819925
-500.3964273469,-110.1087728619
-205.4512629148,-88.8666052329
-267.0334568949,-102.1276473321
-178.5754097347,-100.7540772418
-248.5948544936,-95.0497202351
-167.4007500666,-87.7049486730
-141.7987912514,-104.6001785515
-265.9818007044,-99.1230775674
-198.7900423433,-78.8375913615
-201.6610884493,-78.8533576836
-294.6852627298,-111.2435850436
-280.5776246564,-152.1880932573
-339.6977266620,-104.4373710960
-164.2378034945,-86.6942534610
-187.8104014490,-87.7951842972
-385.3184920841,-140.6283667613
-346.4430085752,-102.4625417346
-169.3953851340,-97.7158001905
-156.3436076017,-86.6610425679
-197.2337161747,-112.8325738042
-293.0214877802,-137.2388175326
-183.7369910986,-101.7734602726
-112.4384790555,-86.4759792964
-280.1157423906,-87.1827238006
-247.8369814641,-79.0499319495
-203.4104633510,-85.8585999966
-204.7771772719,-94.8666312670
-178.5641363783,-99.7555535595
-195.7921988011,-90.8293077875
-221.3645039788,-88.9388670651
-266.6635024461,-85.1273367886
-246.0494554455,-71.0416390111
-189.6018974625,-81.8021456707
-177.9065395470,-86.7554981172
-195.7708371486,-80.8293149346
-116.6546314645,-88.4914664881
-137.9189343152,-98.5808115451
-365.2148314069,-163.5431339608
-245.0322050795,-135.0376176079
-170.0642508875,-85.7169414017
-260.0023319775,-89.0944039245
-161.2665911840,-88.6780153211
-278.4345304573,-98.1747897628
-221.5260702320,-88.9378731537
-174.0300333541,-98.7343614522
-165.1196738580,-86.6970868433
-264.0337697263,-86.1161208840
-126.5110278885,-90.5358491940
-201.2948070140,-80.8516770073
-193.2038645588,-84.8185816521
-125.3041119896,-92.5303057554
-266.6043398437,-95.1258906683
-220.6961861212,-107.9288431233
-131.0305199168,-88.5517778384
-238.3401609120,-104.0065712226
-172.2152758200,-88.7288142272
-153.9292757864,-84.6507628170
-161.4232440438,-85.6834078951
-195.6359779676,-86.8284626827
-138.3505992575,-108.5861617098
-148.4154768082,-80.6246402773
-221.9367584050,-87.9361848533
-245.5822918661,-97.0351473411
-184.8353975757,-119.7790646423
-145.8670363570,-102.6153069575
-151.8419912237,-86.6355628832
-151.0214650500,-82.6345857485
-151.1819664678,-85.6372498661
-141.3984504001,-86.5960018802
-184.8121304873,-92.7828889101
-137.4335479766,-88.5818368125
-228.3581399554,-80.9620532848
-247.8230850500,-123.0474532684
-209.1331462676,-104.8832948048
-220.8960397534,-98.9353237366
-236.1874871267,-106.9963507791
-254.9846450961,-86.0785143024
-272.1345447969,-95.1502387961
-281.7926321823,-90.1885858260
-202.9645588282,-96.8561335875
-228.3308248550,-88.9642393575
-232.3547661995,-101.9823911126
-235.8680694165,-96.9980056537
-305.2962033837,-90.2912004600
-205.6205399971,-97.8701012804
-216.9272886486,-92.9135560925
-333.0433605527,-113.4065482594
-324.5372770145,-103.3705599001
-165.0069498964,-80.6955492682
-245.1969517268,-87.0347141608
-255.0537647105,-93.0777280779
-216.4268275973,-113.9137852734
-197.6292398142,-123.8359216413
-189.2592014855,-112.8013806959
-168.9284861138,-116.7159739183
-263.9162563182,-99.1152599053
-250.8973651522,-104.0633011561
-283.5306765130,-94.1961218963
-189.4330730071,-89.7995964504
-343.4829442218,-98.4532074655
-258.7888052987,-99.0968059678
-243.1216041007,-90.0299449123
-204.8604666414,-88.8638837039
-266.8704398438,-108.1272525871
-224.1843762615,-106.9483500301
-264.5805110158,-107.1171982404
-241.6430974961,-91.0231405948
-205.1341506115,-88.8671688171
-271.9270164106,-112.1499646465
-267.8666464087,-89.1324503519
-293.4773586119,-106.2429039902
-247.3356938720,-113.0445543149
-200.7990089090,-96.8492958895
-185.4023028610,-86.7854890475
-258.9606865234,-92.0955811900
-289.5252460236,-96.2202900712
-293.5425051212,-103.2399876530
-325.6014492079,-121.3748879736
-327.6831477971,-121.3857985015
-220.6513413240,-96.9324245473
