4.0706791523,3.5620550990
3.8059303909,3.4113677690
3.7493461173,3.2720731436
3.5729454419,3.2498963264
4.0223731189,3.5038619437
4.3654317299,3.6917357764
3.7359223996,3.1677260726
3.9343062701,3.5169699671
3.4202830571,3.0910011186
3.7390315444,3.5131386053
4.2956670983,3.7840436078
3.7496273545,3.4136916799
3.6827142485,3.4222368440
3.4411698220,3.0380453952
4.7771113060,3.9823923044
4.7825616388,3.8596997780
4.5255429026,3.6001025176
4.1215697335,3.4880927230
4.5074983046,3.9500779096
4.1536005237,3.5257014745
4.1435529286,3.8151598003
4.1804715771,3.4468389529
3.8931820467,3.1598554811
4.0552284608,3.3990926238
3.6295439750,3.4824166239
3.7982003658,3.5202776993
3.9960596393,3.3919535298
4.1029769203,3.6480567146
4.1189851857,3.6202482543
3.6292627377,3.3407980877
3.6775687712,3.3989912430
4.3253896773,3.6214184189
4.1962035058,3.7514199644
4.5281180916,3.8487293222
3.7390315444,3.5131386053
4.0063505941,3.4384447318
4.4000091903,3.7915199881
3.7390315444,3.5131386053
3.4843303780,3.0729929495
4.0066318313,3.5800632681
4.0892719654,3.4020911073
3.4394098259,3.0278228551
3.5323694336,3.0827932408
4.1218603295,3.2489289234
4.0443799322,3.5433723573
3.7844954109,3.2743120920
4.0626821493,3.6225721652
3.6369927629,3.2318881574
4.2233415371,3.7209503068
3.9503145355,3.4891615068
4.6625760317,4.6145532528
4.3595688319,4.1162144416
4.5370659375,4.5184140596
3.5908208344,3.5376566011
4.2957884888,4.1826154748
3.6554306299,3.8028855045
4.2820977934,4.0298755397
3.3084098035,3.2255258662
4.2903524154,4.3985336734
3.5608406363,3.2711065900
3.2046016673,3.3148352140
4.0699853498,3.7222227016
3.7757573691,4.0701100883
3.9395873974,4.0320131073
3.9673747350,3.5385175170
4.5416631997,4.3516482602
3.7329252867,3.6016677428
3.7111760924,3.9913325291
3.9747224316,3.9410263835
3.6494320820,3.7355666306
4.0305293899,3.6475857529
4.1448718406,3.9407171349
3.9589954035,4.1104533801
3.8137867072,4.1750377137
4.2657846725,4.2036221274
4.4453181107,4.2836548136
4.3818190049,4.4916743831
4.4301486565,4.2623108747
3.9982080037,3.8491408010
3.8549977625,3.7858891945
3.5931147861,3.6446648693
3.5822519981,3.6957189307
3.8930128412,3.7975911477
3.7608927703,3.9028280218
3.5882741642,3.4754811409
4.1691962238,3.7996791531
4.4724704014,4.3464108283
4.0093141514,4.1340362675
3.7912552970,3.6579592361
3.6388598900,3.5474568923
3.4518776639,3.7179526727
4.0036347184,4.0140049382
3.8289655202,3.8155993168
3.3567158370,3.2837190215
3.6791689204,3.6661671139
3.7726624838,3.8179232277
3.7995335372,3.7390607061
4.1211335501,4.0774355255
3.6480544145,3.2139252937
3.8155418026,3.7112522458
4.2197517129,3.6620222465
3.7689133915,3.5547542919
4.5627630876,4.4250094066
3.9275507061,4.0685250373
4.2197280947,3.9495789102
4.6441963415,4.9008341142
3.2083298816,2.9875891560
4.3706117660,4.8598162497
4.0407192534,4.3471142881
4.9027125540,4.2674707066
4.4461805401,3.9469457507
4.1228111724,3.9791307270
4.5058975767,4.1440962450
3.7394671491,3.3849900090
4.0473858252,3.1898425574
4.4464711361,3.7077819510
4.1362491494,4.1767034702
4.9195409130,4.9520745188
4.6021415744,4.8651270247
3.6299323434,3.9293813551
4.6479877695,4.1148817145
3.7792279644,3.3136888302
4.5775644727,5.0509978146
4.1597062027,3.8983665433
4.4255750125,4.1415200103
4.4904281676,4.7426984415
4.1514279624,3.8172650733
4.0871136636,3.7868803782
4.1285284831,3.9048310646
4.4206635360,4.8350062730
4.5498639669,4.7982303996
5.0824942525,5.1574609287
4.1794190643,3.8308686886
3.9509984005,4.1709704463
3.5072786755,4.2234875026
5.0184420309,4.7014610897
4.3529918322,3.6492515094
4.0879431160,4.1185103149
4.0548158956,3.7008787626
4.6422704588,4.1891813769
4.5702354937,3.8869242763
4.8641350007,3.9725316808
3.7689133915,3.5547542919
4.4956066219,4.0976050430
4.6291373373,3.8456705062
4.6554365574,3.8643532480
4.1225299351,3.8375121907
4.3581136913,3.9600537741
4.3098312761,3.6143039550
3.8624069549,3.7065104057
