64.1317470516,14.2883323238
61.4719262991,13.2473935685
69.9925014557,13.1859404613
85.4925313570,14.4227277534
45.3354474154,13.2565546334
83.9502125391,14.2582585504
75.0302355267,14.4319207686
75.6990610133,14.1087785640
61.4949100121,14.8705582499
61.0992520655,13.9009821034
87.5525908281,14.1418273086
74.1847023830,14.1619105958
76.1024815701,13.7866441029
67.5796211098,14.7944100696
89.6594424025,14.4394693313
75.9360775851,13.6789892120
75.1876913436,14.3458910219
66.3848515464,13.8734798917
95.9972207273,14.2511890799
51.1260621224,13.6630994852
48.2061499157,14.1097176890
46.8838884594,12.9217599499
61.1091576324,13.7439935881
59.5992048373,12.8806748794
50.5000393521,13.5181997940
51.0188111144,13.0734852337
69.0803213252,13.4255819159
74.2755590160,13.3369215063
54.6141136828,13.8982447431
61.0666281840,14.0542303955
74.9813145917,13.7632519296
87.3552030439,13.6280190628
59.0628825994,13.7141297826
72.7570090129,13.8207170256
64.6857666336,13.5479802182
54.6671822189,13.5015390085
52.6143748465,13.3230364224
64.5893900032,13.0842181778
59.9520337058,13.1096059117
47.2773375357,14.2397089363
48.7028449157,13.6019240218
60.3903604003,13.3985399527
63.9457103012,13.9191283684
41.5872476205,13.2291163359
53.1191370789,13.0842052386
63.3184491820,14.2116501014
62.8615312054,14.3888211816
58.2665279294,13.9362740195
62.7963614718,14.1281513562
73.3012133942,13.9846636639
67.6724604934,13.0921121634
73.7928959810,13.8675608200
69.3019917755,13.8730903600
79.8898480368,13.8219155457
62.8883625561,13.7901269324
66.6530946561,13.6000242733
58.0451142048,14.2672395365
73.5568612926,13.3293364776
74.7172045402,13.7726840570
31.7647423658,12.4078634497
40.8010888719,12.3675950810
27.9957782165,12.6635219503
37.9347080569,13.6932327951
26.5072568091,12.3824467492
23.7436057051,12.1885791728
41.6952069771,12.3992885043
31.0646224243,13.1287721462
30.8135756449,12.3756827298
44.8647764486,13.3862790533
47.1487494313,12.2813248893
52.5944984275,12.3160400516
26.2236248005,13.8518591982
29.2650788500,13.4834588590
59.9816482490,13.0220367399
52.7260018413,11.9919122655
27.5677268671,11.6747648476
25.1556649744,13.0509401777
32.0760459165,11.8472049922
48.3188981679,12.3996931760
29.9882150830,12.6708342843
18.9505007806,12.0111629480
43.0472911657,12.7296421170
38.0529303751,12.0807768702
31.9829920764,13.0114464857
33.4150569846,11.8676937050
29.0698391174,12.6970927660
31.3488950393,12.1606001994
34.6778306825,11.6427732539
40.9336348725,11.6371377656
37.3857154133,12.0722229269
30.3006926073,12.0803379806
28.7669271488,11.9998190652
31.0167839157,12.6893750917
20.2480158373,12.2750346266
22.7955007649,11.6271991247
60.0217516216,12.5459180242
40.5510516074,11.8417967035
27.3398570434,12.3038841445
39.6990640869,12.3921148306
27.1180995825,12.2730187831
43.0666135378,12.0955763023
34.9242150965,12.6148144519
28.0176578170,12.3355051788
26.4698050856,11.8208319977
40.5730194019,12.5146290194
21.3004418523,12.4020033872
31.7322437785,12.2503433990
30.7603901515,12.7142788627
21.6289307710,12.2304682990
42.1102089168,11.6303602065
37.0077795063,11.4479548281
21.3915145768,12.5051810745
37.4256761306,11.7632488042
27.4736574206,11.4259288464
24.2078704165,12.0774075192
26.5428053241,11.0292387357
31.1699027430,11.8241925602
23.9004669555,12.4300367547
23.4831654642,12.7457720781
35.3777917275,11.9797848245
38.4416982885,11.4526311266
30.0203023120,11.5613193108
24.7076509025,12.3721061417
24.8900054260,12.9797147365
25.4340190686,11.8226659538
24.1336813789,12.0587425344
22.8759958097,12.4278174585
29.7102256716,11.7700434034
22.9753336874,12.3606124644
35.2276114402,11.9942893161
39.5314944722,12.9028840356
33.0567116223,12.8756568480
34.4167942270,12.8035393893
36.9002067809,12.6865065930
38.9657972998,12.5289063668
41.4489797407,12.6042616124
42.9667076752,12.2102575630
31.9729902463,12.4671857680
35.0198273575,13.4661690216
35.9058766074,12.8261251887
36.5223876495,12.9225743857
45.9341251645,13.3581526565
32.0075337729,13.4993199774
33.7058400472,13.5756544869
51.1778760714,12.2489079707
49.9553930092,13.1506311423
25.7681273523,13.8214939259
37.0887182742,12.8249816284
38.8907088609,13.3018402080
34.2411126282,13.0637147642
32.1250451207,13.4968031882
30.2855674127,12.7895986782
27.9087932886,13.1161231951
40.8688245011,13.2226269781
39.2248922833,12.6044159761
43.4290364344,13.1221533072
29.7018967624,13.8053522679
51.6977213275,12.4328509496
40.0858558048,14.3429122524
37.3868872110,13.4815585813
31.3483773733,12.3271799455
41.1860476969,13.6873799735
35.3179626219,12.8388954207
41.2120969447,12.9571040987
36.7578039572,13.7655474242
31.9584928442,13.6849683758
42.1805871160,13.4359157990
40.3559090328,12.8021189036
45.3051562493,13.5781103383
38.5156108937,13.3663149856
31.5704581867,12.1907163826
28.2419825255,12.7603891330
39.3450828613,14.1565074750
43.9781799832,13.6602452870
45.1391409823,13.3779913824
50.2661606639,13.2637348407
50.7220507914,13.1914440956
34.0523843376,14.0915114193
