64.0279578604,-82.0471504958
60.6980521485,-81.4993019878
72.5388848356,-91.7057805607
85.2999463319,-116.2971162000
51.3595055537,-54.2425268341
83.0616911564,-114.0125207256
75.2458443530,-100.4893196718
77.6717074836,-100.3928274183
61.9119160789,-80.8083687615
62.1819043385,-80.8710583502
88.9022478016,-118.3963407722
76.2105259305,-99.6944453090
77.4874087935,-103.1592994376
65.5813182866,-89.7580758649
85.6186112032,-122.5299839747
76.7733601229,-102.3886543430
77.8939522768,-99.3256350413
69.7033843103,-87.2414641297
94.7814282498,-132.9767273572
52.6585402680,-64.0083342293
49.3455207691,-58.8686197060
51.6406883917,-57.1938319956
64.1902079608,-79.1967809596
63.8503623382,-77.6758800813
56.8189639241,-63.2171225550
59.5632135858,-61.3191936589
71.5247085985,-92.6648088705
77.2459537573,-100.0393290543
59.4509014790,-69.1668874481
63.2021509730,-79.5698478406
80.2532464078,-99.6052877918
89.1164039461,-119.0110531965
62.1200081762,-75.6753328298
75.5090719007,-95.5261005446
68.6634626664,-84.1135711001
60.1355375785,-69.6699724605
54.6970400755,-67.0913637433
68.3889984713,-85.3046377257
62.4453357655,-78.6531821928
46.9944622842,-57.0439879271
50.0086599259,-60.2204098077
65.5615353281,-78.8749495075
65.2783109561,-84.7221824105
46.1192632253,-49.9905946010
55.8856432143,-67.4359366814
67.4511778991,-82.3621737029
64.9272088310,-81.6997084472
59.7786420673,-75.8539331236
65.6125744614,-81.5667700838
73.3986554582,-98.4601808883
65.3105101392,-90.3125480776
75.5956869773,-98.4287390643
68.5051988170,-92.9756244948
80.7368102174,-107.4706115275
64.0326578977,-81.8495733649
69.9797343835,-86.4355026585
59.0215469855,-74.5239960459
75.2537365740,-99.0212903987
75.5071739888,-100.5834638941
33.5419067909,-38.6692497547
44.9177577202,-50.8187295702
32.0377134530,-32.2583223264
43.5380411743,-46.3962777491
33.2316735953,-29.6147641556
30.4899028707,-23.7532880846
45.9554909459,-50.6695287739
34.1756347088,-36.7417141665
38.0571334843,-36.4658815318
49.3773886621,-56.2766959938
48.2578300241,-53.9996494557
58.3762197056,-65.7482072138
37.6263037830,-27.3152310355
39.7292322990,-32.4789348896
71.2982100590,-73.7229197718
59.7751277681,-67.2667739707
31.7318899053,-30.3864617462
29.3054198299,-27.6088138620
37.7499801194,-35.3458919371
48.1268624972,-56.9767097297
39.7359671450,-31.3342879121
26.8168219951,-17.5602965691
48.8209325671,-53.0909685300
48.9177723075,-45.4846854635
40.5317871241,-35.8800939868
38.7117544987,-37.5495623049
35.0636329597,-31.5677337987
40.8694628683,-34.6513579107
46.6510171386,-39.5010634350
49.6042519759,-49.7250659605
48.7113140813,-44.8865289530
37.1321010950,-33.8278837491
37.3135172894,-31.0245113717
38.9713866866,-34.7888305954
27.3548768920,-18.1626146988
29.3911907071,-23.2710618163
61.5550242103,-71.4889773591
46.9468660102,-45.5364127071
32.4013248398,-30.2726814000
45.3804775988,-49.2890776599
33.4004572674,-27.7052678037
47.9631484840,-53.0233876543
41.3153498505,-40.6255185572
36.6858438660,-29.8012585173
34.6365949666,-28.6186623372
48.3483470520,-49.1782763271
30.8993412346,-19.2496430433
38.5370870706,-36.2219172884
39.8149709127,-33.9218660168
28.6176964506,-20.1967489959
48.8218556998,-50.2118681259
42.5352121312,-40.6248550722
31.1584497107,-20.7171121206
44.0694085776,-43.8329426139
36.0006811162,-30.2958164649
34.6909941967,-25.5062317842
35.7930894368,-27.6812103033
39.8794076034,-34.7508554492
33.1504108239,-22.2091657068
29.1811828967,-25.0867853211
42.8829468032,-40.1542153632
45.6029682092,-45.5291492022
41.5986673947,-31.4171210536
37.4436693458,-22.5430054810
34.5983771365,-24.3691474403
34.2321968671,-24.9390927308
33.4936042797,-25.0436040004
31.7427408489,-23.1977185713
43.2063462823,-31.2985664604
34.4150337105,-21.7163568391
45.0623024607,-41.0470382333
43.4129762676,-46.8114493707
39.0134387283,-38.0896482063
43.1132728227,-40.1679705764
44.0544612662,-43.6351676479
43.2780029022,-48.4889072409
45.4258268098,-51.8748595615
50.7392103098,-52.8232852070
42.3198630666,-35.3402761806
41.0944107021,-41.7578795527
45.2813273883,-42.0829687217
43.8672813320,-43.0914251298
51.9270921863,-58.1668038858
41.5658989737,-36.1128818147
40.9230465522,-38.8309424141
53.4730388275,-65.0110816053
56.3383600327,-61.9895977284
33.4452903611,-27.8936347613
43.9184635533,-45.3323605739
44.6184168170,-47.8567584537
38.8545117562,-39.8095468175
38.4403476226,-35.4552040875
34.6441527128,-34.5451764597
36.4134991991,-29.3103519435
42.6043415925,-50.5309485463
43.2495787378,-47.6024665084
49.4304141170,-53.3946989019
34.1138201263,-34.0166748148
61.0152017604,-65.7703404503
44.9464165396,-49.0024101294
41.7768862674,-46.0469321132
37.9952222020,-37.2164132722
46.5625674962,-49.9856341949
42.4536091087,-40.6159803629
45.6761371820,-49.8181290540
42.3120831815,-45.0699688398
39.6595053843,-36.4174278146
46.7567090301,-51.5562104739
43.9157280989,-51.2474149955
51.8076146595,-55.7146837376
46.2564654266,-45.4764530379
37.2067848047,-36.4451050278
32.6892850552,-33.7426370401
43.2146164112,-49.0107218498
49.3027246902,-54.5519136926
51.6740900246,-55.5674632615
52.2878629449,-63.2412570744
52.8871832322,-63.7917471861
41.6709209808,-39.7897179236
