1.1213053990,3.1215395101
1.2626846798,2.7005723844
1.0575251000,2.8596471283
1.2257754585,2.8687469846
1.0575234580,3.2225936927
1.3627406494,3.5884579824
1.0760411535,3.1016980493
1.2119600596,3.0876057451
1.1742976860,2.6717785909
1.2587371776,2.8236644574
1.1981446606,3.3064645056
1.2388327792,3.1547261628
1.1942004424,2.7036634499
0.8346059031,2.6347795770
0.9515421680,3.3962224023
1.0915314619,3.9113144673
1.0523578577,3.4163234973
1.1644281473,3.1304918428
1.4341228203,3.4543646707
1.1267624897,3.4405578173
1.4685974119,3.1254993949
1.2083056898,3.3604993656
0.6456947099,3.0986328003
1.5603016411,3.0994758032
1.4716198729,3.2838270265
1.4432375647,2.7745962288
1.3758012540,3.1485440318
1.2242625860,3.1525297332
1.1850873399,3.0204853275
1.2903121937,2.9887479921
1.3540941347,2.8876938095
1.3996515126,3.0573368178
0.9506171269,3.6776421069
0.9538081928,3.6964414082
1.2587371776,2.8236644574
1.0560138695,2.7804833125
1.1451556576,3.0303322961
1.2587371776,2.8236644574
1.0582815363,2.7177557541
1.2373215487,3.0755623470
1.0614709602,3.0995016197
1.3957089364,2.0915891977
0.9814406327,2.8957773229
1.4236262988,3.2554594816
1.4802680296,3.6216446350
1.2804459389,2.7215681153
1.1612354394,3.4746391058
1.1097593088,2.9147241478
1.1727831715,3.3185079038
1.1727848135,2.9555613395
4.7965660579,4.1532200856
4.5323284756,4.1483655648
5.0079391646,4.1712722746
4.1756351537,3.2225863171
4.7889674699,3.8233126503
4.4222343624,3.8587215490
4.6668606788,4.3444393226
3.3125076370,3.0557651436
4.6896630106,3.8823753711
3.9113959295,3.5806783607
3.6467423292,2.7737458503
4.2495748399,3.9014601231
4.2114948063,3.0465015437
4.6835740112,3.9945783160
3.6600911404,3.5724731403
4.5261149486,3.9712386319
4.4062774663,4.0666911814
4.0462652669,3.5586758833
4.8658100155,3.2823445171
3.9603145448,3.3276262010
4.7676763686,4.3645404176
4.1357018294,3.5953798500
5.0862929408,3.7094679572
4.6357489665,3.8876628661
4.4061529387,3.7773613037
4.5391739113,3.8942712457
4.9771205848,3.8642973656
5.1594778327,4.1672865732
4.5461438746,3.9295068043
3.5937500422,3.2235067695
3.8957778096,3.2076251935
3.7750593634,3.1556392396
3.9773193677,3.4905133062
5.1316817139,4.0186392958
4.3555544880,4.0907779778
4.3971643638,4.3835130590
4.8020247906,4.1092918284
4.6889098583,3.2983736167
4.0096491781,3.8766520310
4.0987942501,3.4006078859
4.3276338416,3.6528008226
4.5675578615,4.0405554791
4.0933355174,3.4445361430
3.3762895780,2.9547109610
4.2025062314,3.6526532990
4.0694836168,3.8986899214
4.1510268169,3.8186314697
4.3554299604,3.8014481000
3.1351458180,3.0005406006
4.1118515708,3.6865870640
6.0637094860,4.9844473933
5.2103269805,4.0695830902
6.1317760634,4.5422249026
5.6051492637,4.3936034418
5.9451341790,4.5804040031
6.8017533943,4.7832432606
4.5070947980,3.7238457121
6.4019340402,4.5744048088
6.0154684232,4.0754539540
6.2542972306,5.1861227842
5.2388778935,4.4392855577
5.5176873110,4.0833899437
5.7453088044,4.4062206121
5.2273334454,3.8695236310
5.3875202701,4.2033555382
5.4980760451,4.5642531965
5.5398560922,4.4154938085
6.6404697151,5.5352720916
7.2998292810,4.5621622540
5.2030655267,3.5215994198
5.9352662823,4.6761706907
5.0091149029,4.1055657612
6.9384287367,4.6272595821
5.1388202820,3.9143465241
5.7598773557,4.7713636060
6.0285241020,4.7243796964
4.9974426432,3.9723670854
4.9728359483,4.2054656737
5.7982994495,4.3194062573
5.8639281132,4.4423862197
6.3536473336,4.3962357164
6.3721601031,5.3641797660
5.8414221977,4.3283585900
5.1262229812,4.0625675529
5.4971966478,4.1148485541
6.5253818905,4.5739364215
5.6717834943,4.8923713600
5.4760741513,4.5165479911
4.8698787613,4.1744754506
5.6546541438,4.4401543771
5.8884908062,4.5771654141
5.5081125467,4.3289581787
5.2103269805,4.0695830902
6.0650961890,4.7742813314
5.9323683488,4.8071729368
5.5734057181,4.3070678119
5.3363796318,3.7883109093
5.3933144951,4.3042976102
5.4481078611,4.8093951830
5.0773043659,4.3156197126
