10.3173203643,107.8170233599
7.9328611285,82.0119141143
8.3531591808,80.1668060685
9.2272639469,87.9502214629
10.2924324082,103.1498100311
9.0970241098,87.5012014395
8.3338860869,74.1328695431
10.8677635122,98.2565306738
7.7196206157,78.7999667771
7.7490549511,79.6253097187
8.9077177752,79.3896443449
8.6093478396,72.9662989197
7.7122619496,66.6526648593
6.3238470040,71.7411604430
7.6575525531,76.6552189384
9.6214209179,89.2771839124
10.3717618633,97.2224414487
9.5631619190,94.5506143982
8.5233951411,80.0856648025
9.2015619307,100.2917283276
9.9181693547,110.9969073702
8.8926653803,87.1882443835
8.4437138634,82.6118635058
8.5480979694,76.8246660898
8.4728976745,80.0771921519
11.3518893573,107.1731338887
7.8191095590,72.4715578313
8.8540143158,71.8795119696
9.0767382501,89.9576796488
8.4518300452,77.7102391639
8.9217988140,78.2388744732
9.2179412227,80.1471789000
8.9412797224,86.0428114523
11.7825587622,109.7196572240
9.8905589841,90.1825982235
8.5246394511,82.8516970641
9.1725774078,93.8039391596
8.8896646663,78.3631867714
8.3545740746,79.9070313065
9.9106722339,113.5761846529
9.0606472593,101.9225214758
7.9470183544,71.4659906338
7.6344467403,82.0257908268
8.6191661687,89.6159195894
8.7104994342,90.6524306971
9.8135657928,91.4653092342
8.1977271492,83.2601665624
7.7564471860,83.4538072264
8.7583529436,83.8870113651
8.5264635035,86.0918589529
6.7835911897,72.5445793661
7.9288777861,72.2575349287
8.2988906635,90.5958848317
10.0910757234,91.2720737322
9.8177335027,98.9051172979
10.2303841634,95.5896270664
9.6171681424,100.3051556805
8.4187338039,80.1318887085
8.4594730809,85.8724623851
8.6416153589,77.7789248841
9.9738530676,87.6047230468
9.3009260205,89.9202782430
8.7582178604,81.3235474787
6.7485649229,77.6818371722
9.5196385939,95.0484621242
8.2321483664,84.6254554726
5.4527363293,68.0574455148
7.1333918462,67.2733795180
10.7236074994,95.3667347717
13.9778450797,136.0296389795
10.7135344442,86.1519457521
7.5325483887,76.1041675842
8.5399241112,76.0837721017
13.1475605004,119.0886112540
9.5893369142,84.2663746613
8.7730991086,87.3904729735
7.2960681503,77.2031409547
10.6351853331,100.8317232040
11.9600072943,121.0833114683
8.9964254759,90.2077808377
7.3892502278,78.6307494202
7.4227640548,72.2436278255
8.2578499321,64.9212050561
8.4583338480,73.5601737549
8.1282271164,83.0305384187
8.8454198767,88.9406603315
8.9047134053,78.7693133010
9.1944802239,75.5213409649
8.4236752685,70.3535446058
7.5252906939,57.2261943896
7.8277924392,70.6347946822
8.7679215013,75.5625465301
8.0026067128,69.1317145276
7.4347564624,80.5469857915
8.3679131492,89.6074052920
14.4404702033,143.4466617166
13.2791697624,120.1451454067
6.8743623940,75.8010281983
6.3781706775,75.2258132209
6.8491328964,78.8808822875
8.6368190686,83.1935022001
8.6080423894,76.2915178075
8.9048700228,87.8480961900
8.2267229976,76.4706620035
8.1197506016,71.6460885974
8.4507337590,81.5536125740
7.2163916775,69.2412718908
8.1988352573,72.9915628131
8.0966171797,83.9695361326
7.8565918315,80.5493078234
9.1011900402,95.0248233947
7.8415618310,79.6697358108
9.4602068288,90.2721869220
8.1810902351,78.0275421098
7.6730700881,74.7237245193
7.8256557838,75.4271091611
8.4048272029,75.1408557727
9.8570575635,98.7528416127
7.6007672048,71.5143818882
8.3518249890,75.2960230951
8.1169728837,83.3263005306
8.5031750900,107.4810725803
9.7507862459,92.1453568072
7.3237934570,76.8652500630
6.4815804833,73.0876933952
7.2195441791,75.9983629105
6.7925357641,77.3300460079
9.1011496588,80.5778938994
8.0070150934,78.9754485302
7.9773520342,67.8569450997
11.6307035196,108.6608706764
10.1677639331,92.2251948411
10.2214301402,85.3965651685
10.6310838679,93.0091549104
9.0766182147,72.1115599388
9.8410849028,80.1328992258
10.0183591437,74.5285519287
10.6761901707,84.0028677465
9.5485293274,75.8184767839
11.1028966519,88.0106218034
10.4125594409,83.2465716097
9.8151816273,73.8371170061
10.7021756013,85.1022110466
9.6552219802,80.2036745089
11.2899268498,95.4578688011
11.1078919829,85.6782165389
8.8838967549,70.2541476872
9.3663733171,73.0024541967
9.7682346655,78.5304125171
10.7803251934,100.5903328080
11.6945441573,110.8688757729
10.6280699036,100.6070180648
11.5707215416,104.9857441359
9.8051427573,84.3694075848
10.7276597272,89.5681032993
10.1238133285,78.2917609504
9.0119877103,78.3120695476
11.2496583992,79.3936246267
9.9078285297,83.9915219815
9.1035021163,76.0078478102
9.1634456568,76.6233977348
11.2536927554,92.9775345199
11.2225919371,93.3732156535
10.8357358111,92.2047700803
9.6191679965,76.9697996397
9.7386776578,76.3108957943
11.3292271638,96.3270093289
9.2466674630,74.2912206000
11.1629154664,89.4510398335
11.6164294605,98.0997073469
10.0663419716,84.7436407017
9.0472917792,75.4694018244
9.5173024467,77.5652445247
10.1800308074,80.2357016509
10.9276022665,86.6751492318
12.1516149974,103.4057900645
12.2116196409,103.3411561358
10.3246781693,83.4437742324
