15.1571590139,-25.0730195908
10.8121883438,-25.0814021490
18.1509634896,-27.9097541811
16.2153388718,-36.0489144460
20.7201153348,-15.5412771384
14.6194532666,-35.3734585758
14.0926188255,-31.1323006478
17.0970572223,-30.9230159449
13.5748271903,-24.9118326158
15.5277424568,-24.8528654332
17.4271071330,-37.0020638287
16.2457138698,-31.0536649153
15.4593213848,-32.0008475136
10.9528675034,-27.5396402202
11.4184264106,-38.0862577230
16.6536547664,-31.3458440470
19.4562379996,-30.4311185513
19.4793151293,-26.6168238436
15.8048553810,-41.5242929129
14.9859236003,-18.7580764574
15.6589337181,-17.6123250650
18.4621211339,-16.4793677335
16.1789068596,-24.3607550518
17.3444263719,-23.7318690346
19.6101314205,-19.0102620786
24.5850119049,-17.7975237112
15.6014570593,-28.4341777681
16.4779552734,-31.3010222591
18.9899814726,-20.6482137601
15.5690603935,-24.5704859101
21.8921096261,-30.6993434246
18.4625853930,-37.1804592273
16.7889639227,-23.1432340125
18.9377978073,-29.3179177956
18.5226606137,-25.6319832182
20.0881623494,-21.1869006414
15.1014825622,-19.7935640784
17.5136804913,-26.0802538333
15.0659226866,-24.3226588114
13.1293251053,-16.3106352948
15.8593980226,-17.9844278686
18.5873119426,-24.0960183131
14.5602304155,-25.7539401931
17.4378885158,-14.3892966594
16.6361030978,-20.5959072950
18.6779333188,-24.8764780354
15.7604019286,-24.8106542810
15.5925212986,-23.3036055022
18.3697238088,-24.9017814582
16.8800747269,-30.4546903313
11.9653080156,-27.8632284136
16.6549887725,-30.3363432320
13.5254027631,-28.4730331777
16.5407138359,-33.0738238476
15.9573582606,-25.1348233330
20.0045803025,-26.4554651699
15.8915704742,-22.6689318176
16.2889700315,-30.2915516720
16.1335879762,-30.9827274840
10.3583978306,-11.9152719253
15.6403812212,-15.1374509532
16.5593316290,-9.1658213390
17.6735637384,-14.1026567054
18.7235282700,-8.2806411819
18.7683583653,-6.0677493812
17.7258129509,-14.7617837927
14.7247727530,-11.0433819893
19.2996374734,-10.9382403032
16.5855373144,-16.9274673628
16.4595811111,-16.5002501191
19.9979363336,-20.0930198468
24.7015039418,-7.3366799599
23.7212527712,-9.3947900381
29.4815018671,-22.5081725427
20.5282857558,-20.5444052146
15.8350428089,-8.5739814635
15.7478757239,-8.0861355868
17.8909884601,-9.8768000585
14.4290178505,-17.2837603071
22.9656276338,-8.4239306383
18.7614947099,-4.7041107005
18.4858255797,-15.9521812677
23.5954786803,-13.5119790521
22.4496730854,-9.9510377135
17.6505872987,-10.6176503644
17.7001010461,-9.0369829360
22.5157003812,-9.9636676454
25.6625387237,-11.3964338820
21.2971362948,-14.6910868584
23.2298510339,-13.5625044616
18.2728907058,-9.5954371952
21.7221244403,-8.7073225288
20.4212709845,-10.0970624205
17.9593721734,-4.3513737098
17.8484739397,-5.9365522434
18.5794866947,-21.7664858909
21.2178815545,-12.7969992659
15.7789415446,-8.6615087131
18.1337718820,-14.7767217565
17.9532764413,-7.3727610584
17.2499485926,-16.2513602990
18.2076523122,-12.2991143231
20.8333682577,-8.0938132451
19.2989995445,-8.2744867087
20.1912883752,-15.0394105587
21.8904365776,-4.9780496850
18.7557128302,-10.6145878717
22.2347820754,-9.7982424275
18.7915324109,-5.5647796507
19.6220957820,-14.6298022302
19.4675355547,-11.7018762454
20.8846464155,-5.3841975612
19.7836521591,-12.1133353335
20.6500231377,-8.3940910573
22.2260061503,-6.9143294101
21.2532192043,-7.7736219753
20.5284201836,-10.3561373452
22.2802823486,-6.0274008488
16.0158099882,-6.6837680604
18.9253256929,-11.7315662444
19.7685652008,-13.1644049215
28.1993476836,-7.9891829888
26.5248348769,-5.2932592619
21.7239789346,-6.0586034110
21.0575045263,-6.1958373756
20.8363707275,-6.8787055553
21.2689267638,-6.2101610748
28.2240679358,-8.5073645556
24.2629619319,-5.8579045920
21.9751233179,-11.5443292499
17.6718614251,-13.6143404710
19.8664985654,-10.4772036624
23.7543893543,-11.4008555206
21.3929515521,-12.2148912056
17.1556030026,-14.3496968878
18.2664343893,-15.2611468023
20.9687371132,-15.0173307984
25.0987695109,-9.1575805984
19.4219488098,-11.9180220554
23.8041799646,-11.8214411299
20.7998825076,-12.1094105371
19.7263341800,-17.3593815332
23.3494606243,-9.8173277073
20.0692713238,-10.6036821983
18.3624816627,-19.1411077239
20.8205241494,-18.5850028566
20.1326961864,-7.1283220410
21.4897857844,-12.5612355849
21.3371029132,-13.6450244487
21.4492536968,-10.7733838143
23.8556680284,-9.3102328523
21.8347134149,-9.0843131133
25.2364043652,-7.4696249193
18.3599512473,-14.4266489330
19.6562290808,-14.1291621643
22.0188498071,-15.2160610431
19.5073222419,-8.9236734388
26.6824108205,-19.4926315824
24.6259841059,-13.9064269051
22.1603036862,-12.9648323230
20.9541265639,-10.0403967267
19.8320823336,-14.2705642541
21.8604559530,-11.2631452268
18.3744196859,-14.3068300084
21.7973285330,-12.9068623575
22.5032422773,-10.0095258660
22.8519013867,-14.4435143568
19.3557897122,-14.6722056375
24.1956041925,-16.1003628228
24.9481497430,-12.1974283213
18.8891061997,-10.0498974674
19.3311452872,-9.1926693754
19.7585916468,-14.0241408946
20.5662627980,-15.3972226623
22.8583607990,-16.0047839906
19.8989661438,-18.3974975955
19.7104675534,-18.8431288825
24.4257166392,-10.6157342160
