63.0945728994,14.2868838281
60.5212574359,13.2461827236
68.9444865410,13.1846532251
84.2389613019,14.4212775221
44.5122293800,13.2552933740
82.7177303658,14.2568074519
73.9379579114,14.4306256203
74.5285623765,14.1072399273
60.5536044192,14.8693835907
60.1631157897,13.8998404574
86.2906138491,14.1403422510
73.0980144147,14.1606053067
75.0096096212,13.7854065234
66.5910298766,14.7932914286
88.4023790035,14.4380839095
74.7937849712,13.6775898939
74.0299504284,14.3444012477
65.3368270281,13.8721309084
94.6400920458,14.2497026883
50.2567281657,13.6618158009
47.3496721390,14.1084154686
46.0903159330,12.9205710923
60.1498947844,13.7427512819
58.6687857434,12.8794959569
49.6659923062,13.5170793253
50.1068693411,13.0721227193
68.0490254019,13.4243857011
73.1812421459,13.3355939207
53.7104659615,13.8970376999
60.1281200236,14.0530333383
73.8623517049,13.7619317173
86.0940619272,13.6265484918
58.1234806175,13.7128669418
71.5899763990,13.8191424805
63.6641915678,13.5466217482
53.7832803199,13.5003650428
51.7361014550,13.3218374544
63.5964131873,13.0829721865
59.0142931429,13.1083869043
46.4305647464,14.2383452255
47.8631129787,13.6007109498
59.4621845300,13.3973071717
62.9593256881,13.9179408992
40.8487510830,13.2279545126
52.2434198159,13.0829969763
62.3084481541,14.2102441418
61.8851823757,14.3875408192
57.3521946568,13.9351074464
61.8257580182,14.1268975360
72.2101469840,13.9833333234
66.6938155062,13.0909560401
72.7182586465,13.8663067060
68.2367657938,13.8718130055
78.6913927777,13.8204442900
61.8816501845,13.7887449329
65.6055294060,13.5986300147
57.0945869340,14.2659321196
72.4587771329,13.3280403505
73.5966244594,13.7713646530
31.1732700763,12.4068964994
40.0686135743,12.3664872708
27.4256690043,12.6625424725
37.2519135643,13.6921933593
25.9682817457,12.3816671331
23.1987316965,12.1875844033
40.9717745913,12.3982657413
30.5140811028,13.1280269868
30.2515357489,12.3748571486
44.0590706412,13.3850805349
46.2509031814,12.2796734081
51.7320449094,12.3147321484
25.6772640356,13.8510375108
28.6896255701,13.4825236882
58.9170507510,13.0204282180
51.8458049978,11.9907403267
27.0099276092,11.6737622823
24.6535077958,13.0501036384
31.4205782585,11.8459933880
47.4484323469,12.3982186535
29.3669717682,12.6697512516
18.4971923442,12.0103755514
42.3299148964,12.7286477269
37.3906151730,12.0798583934
31.3957792093,13.0104547311
32.7941941314,11.8667572001
28.4770244848,12.6961097682
30.7438531010,12.1596119825
34.0296473149,11.6417769660
40.2327033992,11.6361339957
36.7455457369,12.0713667726
29.7389250952,12.0794492442
28.2119189533,11.9988997321
30.4495598793,12.6884821118
19.7809255031,12.2741767731
22.2717729127,11.6262920211
58.9449298861,12.5441064564
39.7498245559,11.8403392911
26.8026331593,12.3030493327
39.0074244446,12.3912297311
26.5744779265,12.2721224452
42.3212553355,12.0944369906
34.2941291136,12.6138027922
27.4291403446,12.3345111578
25.9277031852,11.8199307104
39.8761160049,12.5136195971
20.8121891850,12.4010831804
31.1593841750,12.2494633747
30.1847856557,12.7133459633
21.1396692474,12.2295905027
41.3780743820,11.6293577585
36.3149093499,11.4467679901
20.8969331578,12.5043066957
36.7285348594,11.7621385764
26.9166784480,11.4250817657
23.6883570460,12.0766015767
26.0000459901,11.0283667707
30.5763999229,11.8232378319
23.3379478840,12.4289615264
23.0057854119,12.7449016852
34.7368247183,11.9787287877
37.7430118085,11.4516020330
29.3560546237,11.5602658189
24.1395489938,12.3710082048
24.3675298146,12.9787367511
24.9217560822,11.8218055744
23.6175691566,12.0579002892
22.3789209871,12.4270336114
29.1077943904,11.7690662565
22.4641757407,12.3597342195
34.5984151711,11.9932969872
38.7790495440,12.9015812215
32.4216297926,12.8745189231
33.7742376886,12.8024369417
36.2083038425,12.6852958477
38.3074014844,12.5279590752
40.7484979845,12.6031746345
42.2403505396,12.2090841155
31.3526127376,12.4660356597
34.3972664418,13.4651262612
35.2237188247,12.8249959018
35.8557024469,12.9214804923
45.1832347430,13.3570363417
31.3821409571,13.4982275006
33.0795533488,13.5745547678
50.3365093247,12.2475395529
49.1246944096,13.1493023238
25.2700712196,13.8205211972
36.4519077300,12.8239442530
38.2251781998,13.3007908345
33.5903660544,13.0625056986
31.4684912022,13.4955433772
29.6893013816,12.7884952853
27.3014233050,13.1150029387
40.1898168697,13.2215423737
38.5355769062,12.6032916482
42.7094946717,13.1209735922
29.1592255265,13.8043982614
50.8566140795,12.4316214655
39.4124031629,14.3419483057
36.7619798985,13.4806817565
30.7697466613,12.3262227655
40.4475790385,13.6861546284
34.6459925723,12.8377139973
40.4817062586,12.9558610536
36.1292803820,13.7645322442
31.3752616116,13.6839144763
41.4464160707,13.4346823256
39.6973421638,12.8010980040
44.5379002280,13.5769039508
37.8013514316,13.3650638836
30.9726870633,12.1896474109
27.7230265674,12.7595112567
38.6881519731,14.1555059986
43.2463450048,13.6590385305
44.3735580727,13.3767567351
49.4238521651,13.2623167274
49.8700330504,13.1900741494
33.4301891897,14.0904605931
