-5.4569684719,-1.5216961625
-5.0769613689,-1.5224314790
-5.0144260523,-1.4223020090
-4.9986796697,-1.5166842382
-5.4496876686,-1.4977410783
-5.9124341154,-1.8681350093
-5.0694537620,-1.5268974585
-5.3932483795,-1.5638590900
-4.7273183552,-1.4443521880
-5.2150132745,-1.4844208388
-5.7878170893,-1.6110339418
-5.3222474836,-1.5820669333
-5.0553457623,-1.4221451629
-4.6139881185,-1.1804586117
-6.0384646695,-1.5015508885
-6.2559811016,-1.7799668185
-5.7205392760,-1.6592578024
-5.4190967757,-1.6049767495
-6.0765612207,-1.8428209649
-5.6236899839,-1.6363479862
-5.7271450105,-1.7363206102
-5.5336117882,-1.7265779282
-5.0198436178,-1.2208409547
-5.3828615138,-1.9420945386
-5.4661686131,-1.7387248385
-5.2323960914,-1.6438758117
-5.3654786968,-1.7826395657
-5.5644294846,-1.5909211934
-5.4642492753,-1.5456512467
-5.1583471818,-1.5789599141
-5.1656279852,-1.6029149983
-5.5554541983,-1.7984431808
-5.9155401777,-1.4659444765
-6.0603631796,-1.5410735944
-5.2150132745,-1.4844208388
-5.1449142510,-1.4210998948
-5.6469439735,-1.5374997776
-5.2150132745,-1.4844208388
-4.7315511448,-1.3851835313
-5.4527356823,-1.5808648192
-5.3116357630,-1.5357517186
-4.3877212551,-1.5341153324
-4.8359641438,-1.3712848214
-5.3419418038,-1.9422513847
-5.7777131271,-1.9285057801
-4.9796023698,-1.5887063368
-5.7095353900,-1.6052867010
-5.0029124593,-1.4575155815
-5.7283297864,-1.5940282126
-5.2930681701,-1.5185891433
-7.5592797974,-4.5882570825
-7.0685368643,-4.4650646909
-7.5056617185,-4.7659198987
-5.8991674868,-3.9468996405
-6.9671718791,-4.5620871418
-6.5190431390,-4.2072608325
-7.1193317844,-4.6288287971
-5.3722492890,-3.2225390374
-7.1546090740,-4.4055823420
-5.8436861700,-3.8991463182
-5.3188580137,-3.3717807899
-6.5227662216,-4.2372768498
-6.2580125903,-3.7890358805
-6.8672745733,-4.4560535847
-6.0799989471,-3.7133320329
-7.1846902598,-4.3875313448
-6.4882254426,-4.3429175673
-6.4480441918,-3.7724969489
-6.4274972639,-4.5005467824
-6.0908374712,-3.7312261840
-6.8014063909,-4.7865357110
-6.5171238012,-4.0141872407
-6.8354989046,-4.7055816535
-6.8908114664,-4.2964417657
-6.8917133388,-4.2149129785
-7.0729964575,-4.3774749706
-7.2794529036,-4.6342623458
-7.3067109306,-4.9576382710
-6.6739681545,-4.4178898391
-6.0485081304,-3.4491247644
-5.9311699591,-3.6689505081
-5.9210679455,-3.5334506194
-6.2763533796,-3.8346195194
-6.8195257184,-4.8283849463
-6.3692508369,-4.3089061089
-6.8971289557,-4.4664236511
-7.2907396931,-4.6274698369
-6.5669607489,-4.2918226809
-6.3720739958,-3.9674791865
-6.0035804857,-3.9330009305
-6.2855535208,-4.0516481954
-6.8715073630,-4.3968849280
-6.2721205900,-3.8937881761
-5.3795300924,-3.2464941216
-6.2634282072,-4.0405465532
-6.5174067047,-3.9534236304
-6.4273285090,-4.0436535724
-6.7727387331,-4.1809015201
-5.3616375684,-3.1762238226
-6.3271482997,-3.9983836257
-7.4021447461,-6.0572050022
-6.5869360240,-5.0442152489
-7.8249367456,-5.8287572512
-7.2665257826,-5.2931611065
-7.3821675224,-5.7577841612
-8.4581892287,-6.2793210091
-5.7350384329,-4.4251854118
-8.1972147799,-5.8287535104
-7.3915964158,-5.4934200466
-8.1421236800,-6.2416278018
-7.2265079450,-5.2117891653
-7.0398072607,-5.2506882275
-7.4545799977,-5.5688628567
-6.3371903161,-5.0721695149
-6.4497840422,-5.4536688288
-7.1493529731,-5.5490638005
-7.3897331779,-5.2680039082
-8.9454305409,-6.3762317871
-8.3770282707,-6.6473432374
-6.5483912075,-4.7276318326
-7.6386843267,-5.8429696533
-6.3863488018,-4.9820964190
-8.4991089387,-6.2791641630
-6.8262968148,-4.9415247045
-7.6476596130,-5.6354476660
-8.1504258460,-5.6342418111
-6.7710423015,-4.8653503186
-6.8639417075,-4.8866651811
-7.1601914972,-5.5669579516
-8.0258088199,-5.3771407437
-8.0706764674,-5.8315505782
-8.9962274096,-6.0870241664
-7.1223198010,-5.6502385386
-7.0880658227,-4.7891721919
-7.1424184635,-4.9468753651
-8.2020645899,-6.2017914037
-7.3003281024,-5.7580978534
-7.3824523745,-5.2440488240
-6.7564806948,-4.8174401502
-7.5183000902,-5.5266999292
-7.3816578154,-5.8469688352
-7.2986355681,-5.5366031980
-6.5869360240,-5.0442152489
-7.6751444435,-5.9304025275
-7.4961728279,-5.9685700139
-7.1754281728,-5.5617603963
-6.7319858294,-5.0909233031
-7.1700686559,-5.2779071770
-7.1827650762,-5.5533729338
-6.8409145215,-4.9570923261
