-4.4849008226,-4.3808739014
-4.3670377899,-3.8808506987
-4.1444627410,-4.0082289451
-4.2030562686,-3.8539279620
-4.4052179217,-4.4358169650
-4.9181090786,-4.7081657290
-4.1450774108,-4.1001538168
-4.4802851029,-4.2440650374
-4.0041970877,-3.6327865912
-4.4013007797,-3.9831444611
-4.7575139373,-4.6342021128
-4.3959864825,-4.1621992371
-4.2702665656,-3.8813198352
-3.7118691548,-3.7728619892
-4.8451150299,-5.0768155454
-4.9833075507,-5.2753600105
-4.6652720897,-4.7781342052
-4.5079181130,-4.3482179243
-5.1222825567,-4.7502523238
-4.5533404592,-4.5921155181
-4.9017193327,-4.3378281619
-4.5822867167,-4.4723296367
-3.8573651975,-4.3770380787
-4.7554383696,-4.0561698043
-4.5856142242,-4.1097228799
-4.5672102182,-3.8780533013
-4.5895289311,-4.1612609641
-4.6218640036,-4.3955686230
-4.5645837234,-4.3259308378
-4.3340904827,-3.9557525879
-4.4137733835,-3.9008095243
-4.8213354192,-4.3075004458
-4.5632729112,-4.9510040258
-4.7384137889,-5.1195305939
-4.4013007797,-3.9831444611
-4.3025152953,-4.1222815860
-4.7167073107,-4.5271133830
-4.4013007797,-3.9831444611
-3.9350588735,-3.7374086146
-4.5540390368,-4.2762518781
-4.3709549319,-4.3335232027
-4.0733328668,-3.1270301482
-3.9232009395,-3.9116684231
-4.6296345449,-4.1830789142
-4.8291947386,-4.4894910647
-4.3163011465,-3.8160078810
-4.5935324160,-4.6072793761
-4.1339180544,-3.9585499854
-4.6837600034,-4.6020152722
-4.4230048227,-4.1744272522
-8.2661251102,-3.7619225066
-7.7202003032,-3.5711297238
-8.3477359283,-3.5749655465
-6.7476947847,-2.6500515690
-7.8808793523,-3.2373048283
-7.1816040535,-3.0626141764
-7.7899531872,-3.5584325722
-5.7877256127,-2.7644731942
-7.9026697382,-3.4219335274
-6.4625251584,-2.8868468062
-6.0116139090,-2.4131561796
-7.1736608263,-3.2884120692
-7.0533415495,-2.8218237993
-7.6201266067,-3.2108512281
-6.5330379276,-3.2749863115
-7.8611645340,-3.6307084376
-7.1420267665,-3.1393751901
-6.9393980941,-3.1756075203
-7.6319821055,-2.6354569997
-6.7003469564,-2.9393022915
-7.6101102470,-3.2597512321
-7.1605735527,-3.2788221343
-7.9407861273,-2.8590650770
-7.5800209928,-3.1890332780
-7.5655341289,-3.4100362033
-7.7933395672,-3.5113916927
-8.2055423578,-3.3315370892
-8.3154008557,-3.3406578877
-7.4429714689,-3.1809926484
-6.4923176439,-3.1612434897
-6.5693127423,-2.8374776656
-6.4830862047,-2.8876257618
-6.8590141805,-3.1452798042
-7.8571021767,-2.8691241484
-6.9945188988,-3.0750015088
-7.4363439243,-3.5839861927
-8.0738095661,-3.5455761033
-7.5905632443,-2.8375778179
-6.8431551967,-3.2746556206
-6.7358368507,-2.8243113776
-6.9597275821,-2.8741287828
-7.5509883925,-3.3154732514
-6.9281523947,-3.0406577809
-5.8674085136,-2.7095301305
-6.9241513450,-2.9957737887
-6.9571010873,-3.3220063193
-6.9860473448,-3.2022204379
-7.4180262612,-3.3456625220
-5.7626940622,-2.9357971598
-6.9287670646,-3.1325826526
-8.8188290152,-3.0371312305
-7.7786461803,-2.7067825358
-9.2713689779,-3.1813522703
-8.4285868612,-2.9871719294
-8.7886534181,-2.9730673684
-10.0826033776,-3.2198416402
-6.7014286456,-2.4131058300
-9.6085909301,-3.1865955025
-8.8737369590,-2.7324154368
-9.5280367659,-3.5707103901
-8.2882961726,-3.3350839646
-8.3475882778,-2.8649193415
-8.7972701874,-3.1547602246
-7.6765582237,-2.4851720286
-7.8878036655,-2.6306325545
-8.4100126045,-3.1699449545
-8.5069565146,-3.1561676340
-10.1951521131,-3.8989196189
-10.4157355020,-2.7857205523
-7.8005204740,-2.4836227232
-9.0316192626,-3.2609106815
-7.5218081416,-2.7318670198
-10.2084072022,-3.0929325303
-7.9979800646,-2.9353569542
-8.8321478471,-3.3489788587
-9.3274223536,-3.4682747318
-7.8550879165,-3.0077921369
-7.8326852959,-3.1323729858
-8.5773216333,-2.8342609344
-9.1668272123,-3.3943111156
-9.5848726269,-3.1339806998
-10.1069976582,-4.0810816115
-8.6003389238,-2.8016049573
-8.0494177207,-3.0854705517
-8.2067967327,-2.7920324438
-9.8863456562,-3.2741771218
-8.5370457688,-3.2268855881
-8.4272736138,-3.2111106977
-7.6957221149,-3.1176782642
-8.8018859071,-3.2915690886
-8.8498484052,-3.0942432379
-8.6582927463,-3.2787334915
-7.7786461803,-2.7067825358
-9.0842838232,-3.1937396027
-8.9242170088,-3.2183549502
-8.5799230928,-3.1097377869
-8.0960645363,-2.7109490495
-8.3633633538,-3.1433320370
-8.3138560501,-3.2623389627
-7.8115959227,-3.0330150664
