-4.2543805412,-1.2130631812
-4.0136155393,-1.2827950448
-3.9090472647,-1.1400972908
-3.7277151031,-1.1543859581
-4.1817434130,-1.1473466776
-4.3922634584,-1.4181112311
-3.7826450561,-1.1445422801
-4.1137543612,-1.2160871018
-3.5685806881,-1.1266395589
-4.0132517266,-1.1776873681
-4.4997936193,-1.2777882454
-3.9004910531,-1.1533945187
-3.9540375100,-1.1581817951
-3.6447621389,-0.9394942302
-5.0079508224,-1.3056951487
-4.8007190868,-1.3628285389
-4.5550873850,-1.3730522440
-4.2276799073,-1.3006977660
-4.6641585469,-1.4701504798
-4.2278985309,-1.2257489967
-4.3774570508,-1.3865312550
-4.1875563619,-1.3421214202
-3.9994526868,-0.9543730308
-4.0248776243,-1.5672368532
-3.7783731082,-1.1871887590
-4.0184822392,-1.3423032033
-4.0196471117,-1.4026210181
-4.2999532227,-1.2613065929
-4.3270176693,-1.2787796848
-3.7869293197,-1.1738915311
-3.8595664478,-1.2396080348
-4.4054677462,-1.5392709310
-4.4085030672,-1.0012449760
-4.6949859397,-1.1598129701
-4.0132517266,-1.1776873681
-4.2085892360,-1.2397685388
-4.6402011757,-1.3497130941
-4.0132517266,-1.1776873681
-3.6229282049,-1.0866369734
-4.2000330244,-1.2530657667
-4.1821072257,-1.2524543543
-3.5870154885,-1.4124150939
-3.6502112750,-1.0291612961
-3.9798873790,-1.5491523489
-4.0383739703,-1.3584425686
-3.9006362422,-1.3334509647
-4.2138931831,-1.1493791587
-3.7820626198,-1.1143833727
-4.4135149561,-1.2408095804
-4.1408188078,-1.2335601937
-4.1890455354,-3.4252229916
-3.7260848855,-3.2684560933
-3.9810127398,-3.5271462437
-3.0837342768,-2.9626957538
-3.7170914267,-3.4316508597
-3.1209693704,-2.9492876241
-3.5453351601,-3.3129036680
-2.9447476060,-2.3703289438
-3.8704128928,-3.2646225164
-2.8934697753,-2.8131782423
-2.8950481655,-2.5447884571
-3.3895264442,-3.1072442057
-3.5815879596,-2.9134231627
-3.3716129612,-3.1786285234
-3.4146860772,-2.7821883995
-4.0386859556,-3.3092305952
-3.0085725096,-3.0301024513
-3.4365323269,-2.7070413862
-3.4171122081,-3.4818771503
-3.2914032597,-2.7556648250
-3.0924717227,-3.3802607633
-3.6696139316,-3.0408785499
-3.3814915500,-3.4777012863
-3.4113726939,-3.0320971925
-3.8199735114,-3.1568709463
-3.9387657573,-3.3009897690
-3.9212160869,-3.4774817633
-3.7007066288,-3.6684606688
-3.3400456273,-3.2067549497
-3.5808480186,-2.6312120794
-3.2321890431,-2.7361592520
-3.2995956586,-2.6372599205
-3.4645430224,-2.8597810622
-3.0418260333,-3.4194536925
-2.8360151831,-2.9561451215
-3.3815526689,-3.1507003410
-3.8898673767,-3.4306594203
-3.6111396559,-3.3035840602
-3.2247977040,-2.8097742947
-3.1110173470,-2.9052200764
-2.9885355894,-2.8339066400
-3.4259604779,-3.1386259379
-3.4101955057,-2.8997836477
-3.0173847341,-2.4360454474
-3.1431671171,-2.9072525575
-3.2970710195,-2.7703831216
-3.2567288505,-2.8867555450
-3.6474161849,-3.0829136164
-3.2263637785,-2.4693887794
-3.2837932971,-2.9042286370
-2.7758516934,-4.2480566390
-2.7891668051,-3.6084001169
-3.5726649111,-4.2682963886
-3.0710139170,-3.7045069133
-3.0689982796,-4.1227942371
-3.7191163556,-4.5320429406
-2.2830129238,-3.0902101599
-3.6488586776,-4.1531467899
-3.2801504662,-3.9899024212
-3.5525782859,-4.5059158540
-3.4346244892,-3.8111961627
-3.2254268211,-3.8528016000
-3.4766528481,-4.1123014067
-2.6896104195,-3.7052669674
-2.6693051706,-4.0178352021
-3.1868319609,-4.0596507457
-3.2979187602,-3.7384616576
-3.8471206840,-4.4380182276
-3.5753096657,-4.8930363701
-3.0410249734,-3.4642435544
-3.4554013504,-4.2896030574
-2.6849623432,-3.5708100396
-3.7641066009,-4.5501274449
-3.3286727184,-3.6831293632
-3.3498868269,-4.0116387193
-3.7256225646,-3.9961603686
-3.2967415720,-3.6061481128
-3.1970399973,-3.5229585173
-3.0635491434,-4.0331271712
-3.8331527256,-3.8558373829
-3.7762071351,-4.2839683847
-4.1951972232,-4.3029121475
-3.0368485095,-4.1207617560
-3.3410041920,-3.4140172638
-2.9643345210,-3.3662247604
-3.9555236593,-4.6879670412
-2.9790177890,-4.0866252285
-3.2252816321,-3.6727451540
-3.1514673157,-3.4747151056
-3.6172790281,-4.1092774862
-3.2832078366,-4.3207534042
-3.6859957052,-4.2507524154
-2.7891668051,-3.6084001169
-3.2877107238,-4.2751538860
-3.2430842912,-4.3621770584
-3.4590908620,-4.2167976710
-3.2339830327,-3.8395043721
-3.3666354373,-3.8799365869
-3.0008517230,-3.9394824852
-2.9430707075,-3.4715306810
