10.5980504584,108.1410200423
8.1692181175,82.2892962482
8.6084452018,80.4915985682
9.5212678986,88.3125150156
10.5311328749,103.4402611411
9.3896383690,87.8565290917
8.5920990964,74.4536386086
11.1649655586,98.6161000087
7.9523896344,79.0825654388
7.9872524125,79.9140074006
9.1973917404,79.7607099938
8.8690373443,73.2953296381
7.9635026259,66.9743156073
6.5527031559,72.0192770504
7.9415474478,76.9998883978
9.9076245185,89.6231524014
10.6670572285,97.5855007900
9.8371479150,94.8856362841
8.8362819596,80.4719218641
9.4450571399,100.5725516916
10.1688257363,111.2798783830
9.1127304492,87.4599206312
8.6830848932,82.9110937549
8.7791918595,77.1200423527
8.6897632101,80.3587868923
11.6118425639,107.5013940581
8.0617854665,72.7795548568
9.1092699909,72.2086214386
9.3137706404,90.2541589543
8.6841779377,78.0003313829
9.1875181784,78.5915473874
9.5143382195,80.5236854327
9.1831705601,86.3419458658
12.0895287465,110.0868188921
10.1537023636,90.5103064115
8.7560193617,83.1471488706
9.4117353431,94.0851437828
9.1344161150,78.6744998605
8.5890074512,80.1973739346
10.1590752691,113.8479104588
9.2996143358,102.1970686172
8.1747517205,71.7624984514
7.8747089319,82.3207831753
8.8300476031,89.8698471560
8.9432330467,90.9343328465
10.0750143397,91.7872549139
8.4360058944,83.5564622831
7.9895882813,83.7375978504
9.0070465394,84.1966690442
8.8051590261,86.4257054658
7.0204215041,72.8288924233
8.1835896170,72.5830270310
8.5595049210,90.9044224648
10.3847261690,91.6299813338
10.0881834306,99.2228329958
10.5022858514,95.9271205847
9.8739189711,100.6051009585
8.6822471141,80.4603508078
8.7297947000,86.2055981636
8.8121006630,77.9728651901
10.1865662040,87.8544165080
9.4961285784,90.1376192418
8.9561062028,81.5665931582
6.9023043007,77.8818745967
9.7073014632,95.2697319990
8.4373435347,84.8769647598
5.6053358300,68.2463280341
7.2993447198,67.4885429093
10.9517753631,95.6368661451
14.2634350796,136.3444946003
10.9567921131,86.4556252168
7.6916773414,76.3309169587
8.7190687866,76.3231920665
13.4387392170,119.4704548018
9.8076476462,84.5571190212
8.9591280833,87.6036972343
7.4600511791,77.3966291725
10.8494588797,101.0797131909
12.2269896501,121.3773023821
9.1823036792,90.4515608148
7.5361555611,78.8193359358
7.6152451345,72.4929424504
8.4338985999,65.1737355311
8.6433634427,73.7975204910
8.3110967287,83.2590255100
9.0293467470,89.1647764131
9.0873285846,79.0119672211
9.3821545986,75.7833991624
8.6143754379,70.6096788721
7.6867430068,57.4672399481
7.9951637333,70.8498496594
8.9464270333,75.7927588464
8.1757287866,69.3573840980
7.5832268703,80.7358894629
8.5328369666,89.8092887158
14.7577028023,143.8083554240
13.5376802634,120.4494016221
7.0307329742,75.9961905636
6.5561579955,75.4584312919
7.0045719301,79.0827585068
8.8428139215,83.4489796231
8.7941351934,76.5269420839
9.0865595181,88.0789973051
8.3859847231,76.6801127752
8.3072695953,71.8963681197
8.6205693423,81.7687311154
7.3867365875,69.4606871846
8.3786968577,73.2277870194
8.2570397122,84.1696634795
8.0500107488,80.8049114242
9.2966535875,95.2724007341
7.9956666110,79.8747247179
9.6755437525,90.5320303686
8.3484156444,78.2467483095
7.8313441507,74.9378766594
7.9834588854,75.6427818476
8.5773090248,75.3710595933
10.0489310647,98.9918375827
7.7575380216,71.7019533828
8.5292821564,75.5302413301
8.3093250740,83.5745553636
8.7248604465,107.7607758708
9.9375359529,92.3955144037
7.4808175442,77.0771135454
6.6285957665,73.2918226028
7.3762836269,76.2066386958
6.9494141537,77.5354236131
9.2874110911,80.8385816759
8.1689964168,79.1990520973
8.1511005285,68.0956106877
11.8750990137,108.9373746114
10.3831519196,92.4766613360
10.4362799587,85.6625688529
10.8516210072,93.2761683598
9.2683804292,72.3442584917
10.0590470921,80.3865070253
10.2281919405,74.7954207465
10.8786667065,84.2605274428
9.7444708901,76.0551555040
11.3132300885,88.2766422784
10.6217641610,83.5026097437
10.0330429874,74.1070904576
10.9063871563,85.3581444025
9.8471020136,80.4413332973
11.5516595329,95.7542843772
11.3453413445,85.9737731169
9.0569543508,70.4664954452
9.5680105981,73.2489682099
9.9794781919,78.7843267516
11.0196185442,100.8552695338
11.9430633005,111.1484994887
10.8611147787,100.8612719205
11.7915747109,105.2492452357
10.0311099963,84.6198374348
10.9560619093,89.8302286371
10.3453854344,78.5610323976
9.2036569132,78.5312564001
11.4935930617,79.7082265377
10.1307344292,84.2566292831
9.3073878942,76.2502747793
9.3515748054,76.8508875604
11.4847246545,93.2488813149
11.4453011389,93.6377714239
11.0665083075,92.4722487926
9.8326139692,77.2215326394
9.9357756122,76.5527152048
11.5796665664,96.6127531639
9.4619390519,74.5390241352
11.4080669746,89.7474641774
11.8562279107,98.3860625883
10.2694907843,84.9800300013
9.2407942880,75.6857434030
9.7318598676,77.8139332674
10.4050960717,80.5039750398
11.1623854365,86.9618680609
12.4268863069,103.7101124406
12.4854139359,103.6466170916
10.5364686275,83.6996190233
