-0.4250602196,-0.8791656736
-0.5400299662,-0.7657326110
-0.3922429317,-0.8146623811
-0.2640376304,-0.6869071233
-0.3219507007,-0.8797332898
-0.1684604204,-1.0183317954
-0.1500955166,-0.8686445031
-0.3552869216,-0.7992049535
-0.2997870440,-0.6703692962
-0.4704356318,-0.6494628284
-0.4465362128,-0.9115027838
-0.1824041046,-0.7198118497
-0.5175263403,-0.6650911837
-0.4066953158,-0.7294783813
-0.7130815138,-1.1671842270
-0.2275800871,-1.2431532165
-0.4021884334,-1.2095099461
-0.3903384387,-0.9640078178
-0.4207425338,-0.9645206012
-0.1942540993,-0.9653139780
-0.4673245424,-0.7668130105
-0.2054164304,-1.0337892229
-0.3267770864,-1.0077143082
-0.2373670912,-0.9575746945
-0.0071080949,-0.5764282367
-0.4803913665,-0.6859428187
-0.2274113565,-0.9210947042
-0.4238536232,-0.8471704190
-0.5281697385,-0.8785980574
-0.2169469219,-0.6712787680
-0.3200564408,-0.6707111518
-0.5147449871,-1.0320863743
-0.1832707318,-0.8605296706
-0.3327730626,-1.0569311010
-0.4704356318,-0.6494628284
-0.6223511554,-0.9098547680
-0.7123938502,-0.9901573436
-0.4704356318,-0.6494628284
-0.3123349353,-0.7345307332
-0.4125123284,-0.8150042366
-0.3915450351,-0.9960030724
-0.6560273455,-0.7206038654
-0.2205667112,-0.7672645318
-0.1120836826,-1.1071458919
0.0741956946,-0.8589779715
-0.4480827784,-0.8347754721
-0.1705438770,-0.8326772961
-0.2765855216,-0.7510685603
-0.3893108059,-0.8957035007
-0.4596030369,-0.8306325919
0.6949221927,-0.5711373413
0.9561324081,-0.6567728623
0.8578492749,-0.5282242277
0.6966004831,-0.4365656209
0.7738025564,-0.5593100105
1.1037302460,-0.3110259951
1.2108277144,-0.6465935473
0.5726476707,-0.4381721528
0.6930176997,-0.4217919045
1.0281029295,-0.5872720506
0.4487498222,-0.2929147634
0.9751952085,-0.6884262613
0.2604239942,-0.2446687045
1.0722985181,-0.3798430956
0.6809517356,-0.7417444504
0.6454182914,-0.6507562057
1.3221674387,-0.4976447990
0.6627273713,-0.2471100971
0.6117421013,-0.4615053032
0.6032677353,-0.3632089518
1.5217207948,-0.6889192664
0.5826686024,-0.6131958159
0.9258970437,-0.3352271334
0.9569708442,-0.1937919079
0.6321725037,-0.5335769514
0.6567595862,-0.6185900234
0.6842685614,-0.4262766402
1.0542915416,-0.6021485129
1.0473816993,-0.5444750320
0.3234766466,-0.5017111408
0.5561770268,-0.3788373071
0.4630232427,-0.3417897006
0.6153069266,-0.5123834608
1.3409272757,-0.3098161516
1.4366182524,-0.4660462328
1.3115240405,-0.7111516727
0.8554360821,-0.5922147369
0.4725252415,-0.3717817349
1.0189958639,-0.5191386613
0.7883687072,-0.4692994195
1.0332590514,-0.2096460239
1.0597506269,-0.4440045326
0.6278548179,-0.4482220238
0.4695381518,-0.4376045366
0.9397755310,-0.4222434258
0.9854806794,-0.4023012626
0.9743183483,-0.4707765074
0.7466233173,-0.5019783852
0.3635067402,-0.7143633755
0.8700022330,-0.5022041458
2.2829397850,-0.7888438552
1.5595434321,-0.5327440180
1.4901650672,-0.5745633829
1.6226228574,-0.3206593994
1.8098072859,-0.6124043663
1.6130620558,-0.3189980346
1.5627682882,-0.4748996093
1.4593928118,-0.1440904666
1.3270487883,-0.2227998592
1.9639954628,-0.9323435632
1.4231079254,-0.8100156402
1.3330549976,-0.5319506411
1.4281132747,-0.7183436844
1.5012903925,-0.6168476181
1.7790364487,-0.9733216382
1.7013626815,-0.9531537143
1.4956241525,-0.4164194026
2.0160633295,-0.5027801186
1.6170397724,-0.2956303959
1.0183529313,-0.1909340486
1.6489636603,-0.8409719791
1.6377361322,-0.6979435706
1.4877786472,-0.1694268373
1.1218306105,-0.6224873646
1.7398550242,-0.6560560238
1.4789745450,-0.3207754944
1.1665081261,-0.6708495184
1.3739337603,-0.6399894963
1.6236786812,-0.5746182158
1.2008987526,-0.2139464828
1.2741410673,-0.3239540699
1.6568729443,-0.5080780094
1.6584004621,-0.6594603599
1.1804133863,-0.2887387560
1.4605342112,0.0994084414
1.3331201945,-0.7434542945
2.0603741031,-0.9115467610
1.5987336714,-0.4169870188
1.3727271639,-0.6719847509
1.3583399767,-0.7983044044
1.6938201396,-0.9256431955
1.2524875287,-1.1113723058
1.5595434321,-0.5327440180
1.8230530736,-0.7295836206
1.8787421478,-0.9954246006
1.3794862336,-1.0156123027
1.1232161706,-0.6268011725
1.3897717045,-0.7294873040
1.9660137225,-0.9064944091
1.6052485805,-0.5128018547
