-1.5692057832,4.2692291036
-1.6701374433,3.8034153200
-1.4570568381,3.9187387028
-1.6199969507,3.8996337071
-1.5032570411,4.3470491022
-1.7075008143,4.8167855690
-1.4038942036,4.1449608459
-1.6509627748,4.2098074936
-1.5399615708,3.6598406437
-1.7531949650,3.9132046275
-1.6819285989,4.5199812800
-1.6667710242,4.2282058821
-1.6725857145,3.7731497885
-1.2655991726,3.5974043805
-1.4693450599,4.7092052231
-1.4768903479,5.2129252367
-1.3827683302,4.6555191113
-1.5340700762,4.2885355221
-1.8739601349,4.7415773778
-1.5154692782,4.5951894712
-1.9440787599,4.3342771742
-1.5135948776,4.5257167782
-1.0477748139,4.1419461927
-1.7738706380,4.2705399793
-1.9103203873,4.3491557254
-1.8651911211,3.8950076618
-1.6618744818,4.2887369450
-1.6830763400,4.3205048310
-1.6351545253,4.1914091050
-1.7006062011,4.0396885461
-1.7665549432,3.9618685475
-1.7114411039,4.2922567824
-1.5186442089,4.8338730818
-1.4671263819,4.9345193363
-1.7531949650,3.9132046275
-1.4739360244,3.9112994272
-1.6187724053,4.2727489410
-1.7531949650,3.9132046275
-1.4255171434,3.7083031408
-1.6836502105,4.2207666065
-1.4201995194,4.2372597948
-1.6558980166,3.1171148914
-1.3589945307,3.8858613639
-1.5583417615,4.4161288936
-1.8050660553,4.7757623475
-1.6023143006,3.8117626255
-1.6317881062,4.6161996672
-1.5055525233,3.9480962043
-1.6492411631,4.5090221671
-1.6030409601,4.0807117676
-4.5474654919,5.7732402133
-4.1538389282,5.6461587253
-4.6752698975,5.7734416362
-3.8233595721,4.5083187956
-4.4007547103,5.3423180065
-4.1283435170,5.1757156515
-4.2151207211,5.8239183713
-3.1310989249,4.1912076730
-4.4704522537,5.4034433940
-3.4759332114,4.8095477071
-3.4591978280,3.9276835686
-3.8133749989,5.2928550942
-4.1254651782,4.4164159933
-4.3530624888,5.4082708622
-3.3317466857,4.8906861202
-4.2391151278,5.5306339196
-3.9588620546,5.3809275987
-3.9749668960,4.8787099396
-4.4210771200,4.7364493839
-3.7786126881,4.6179066802
-4.1285439914,5.7702322594
-3.8531776550,5.0179690311
-4.6787131208,5.1750122892
-4.4565952091,5.2808789136
-4.1615280191,5.2605753248
-4.2396889984,5.4308956951
-4.6963189667,5.4365221557
-4.6540680393,5.7416737502
-4.1228731041,5.3359849389
-3.4884420405,4.5370720285
-3.6980034376,4.4778518413
-3.6519560236,4.4182288084
-3.7423292400,4.8366895477
-4.6413587359,5.4196328209
-3.8934871830,5.3590093728
-3.9214308654,5.7991869151
-4.4475287839,5.6708901815
-4.4095915424,4.7572581569
-3.7044009845,5.1810483039
-3.7568369594,4.6858770187
-4.0834438441,4.9166161695
-4.2386180615,5.4567333593
-3.8567736674,4.7882270506
-3.1970476670,4.1133876744
-3.8853680245,4.9550275837
-3.8534072483,5.2130176128
-3.8515328476,5.1435449197
-4.0961531475,5.2386570989
-2.8845274201,4.2002615856
-3.8036110329,5.0144491937
-4.9542799315,6.5217921255
-4.4705767434,5.4556338505
-5.3749230437,6.2255854059
-5.0085426216,5.8702642920
-5.0624796010,6.1388205323
-6.1066420697,6.5625972717
-3.8260851219,4.8989310873
-5.9036988266,6.2620717225
-5.4347038322,5.6396175264
-5.2298660555,6.9270780911
-4.4979465552,5.9955496174
-4.8290676001,5.6020217570
-4.9521282523,6.0314416094
-4.3880930923,5.2461063185
-4.2616369021,5.6409450546
-4.5222182405,6.1231429888
-4.9594730659,5.9406450150
-5.9192864688,7.3434123100
-6.4456526799,6.3780026187
-4.7616178535,4.9161142302
-5.0103879034,6.3392050113
-4.1744386165,5.4611679258
-6.3221709461,6.4170083575
-4.5067833872,5.4104897678
-4.9820231395,6.3674530600
-5.5276781087,6.3965001009
-4.3596515241,5.4479931520
-4.3416245966,5.6549088766
-4.9690842428,5.8503635489
-5.5021058933,6.0996958119
-5.7721456197,6.1229249135
-5.8113833913,7.2057678556
-4.9339485359,5.8696699674
-4.7412954438,5.5219828528
-5.1834944970,5.5047830575
-5.6631424864,6.4105861495
-4.6314218481,6.4299983608
-4.8935243237,6.0184650136
-4.2277540398,5.6036331492
-4.8703712607,6.0908632194
-4.8619555102,6.2074974779
-4.5565504837,6.0085262131
-4.4705767434,5.4556338505
-5.1400667097,6.4088791272
-4.8414803116,6.4446787340
-4.6056200395,5.9381454901
-4.6193534139,5.2925545777
-4.6456522889,5.8583080087
-4.4715038773,6.3190996005
-4.4386159671,5.7136238796
