3.0600000000,1065.0000000000
2.7600000000,1050.0000000000
3.2400000000,1185.0000000000
3.4900000000,1480.0000000000
2.6900000000,735.0000000000
3.3900000000,1450.0000000000
2.5200000000,1290.0000000000
2.5100000000,1295.0000000000
2.9800000000,1045.0000000000
3.1500000000,1045.0000000000
3.3200000000,1510.0000000000
2.4300000000,1280.0000000000
2.7600000000,1320.0000000000
3.6900000000,1150.0000000000
3.6400000000,1547.0000000000
2.9100000000,1310.0000000000
3.1400000000,1280.0000000000
3.4000000000,1130.0000000000
3.9300000000,1680.0000000000
3.0300000000,845.0000000000
3.1700000000,780.0000000000
2.4100000000,770.0000000000
2.8800000000,1035.0000000000
2.3700000000,1015.0000000000
2.6100000000,845.0000000000
2.6800000000,830.0000000000
2.9400000000,1195.0000000000
2.1900000000,1285.0000000000
2.9700000000,915.0000000000
2.3300000000,1035.0000000000
3.2500000000,1285.0000000000
3.1900000000,1515.0000000000
2.6900000000,990.0000000000
2.7400000000,1235.0000000000
2.5300000000,1095.0000000000
2.9800000000,920.0000000000
2.6800000000,880.0000000000
2.4300000000,1105.0000000000
2.6400000000,1020.0000000000
3.0400000000,760.0000000000
3.2900000000,795.0000000000
2.6800000000,1035.0000000000
3.5600000000,1095.0000000000
2.6300000000,680.0000000000
3.0000000000,885.0000000000
2.6500000000,1080.0000000000
3.1700000000,1065.0000000000
3.3900000000,985.0000000000
2.9200000000,1060.0000000000
3.5400000000,1260.0000000000
3.2700000000,1150.0000000000
2.9900000000,1265.0000000000
3.7400000000,1190.0000000000
2.7900000000,1375.0000000000
2.9000000000,1060.0000000000
2.7800000000,1120.0000000000
3.0000000000,970.0000000000
3.2300000000,1270.0000000000
3.6700000000,1285.0000000000
0.5700000000,520.0000000000
1.0900000000,680.0000000000
1.4100000000,450.0000000000
1.7900000000,630.0000000000
3.1000000000,420.0000000000
1.7500000000,355.0000000000
2.6500000000,678.0000000000
3.1800000000,502.0000000000
2.0000000000,510.0000000000
1.3000000000,750.0000000000
1.2800000000,718.0000000000
1.0200000000,870.0000000000
2.8600000000,410.0000000000
1.8400000000,472.0000000000
2.8900000000,985.0000000000
2.1400000000,886.0000000000
1.5700000000,428.0000000000
2.0300000000,392.0000000000
1.3200000000,500.0000000000
1.8500000000,750.0000000000
2.5500000000,463.0000000000
2.2600000000,278.0000000000
2.5300000000,714.0000000000
1.5800000000,630.0000000000
1.5900000000,515.0000000000
2.2100000000,520.0000000000
1.9400000000,450.0000000000
1.6900000000,495.0000000000
1.6100000000,562.0000000000
1.6900000000,680.0000000000
1.5900000000,625.0000000000
1.5000000000,480.0000000000
1.2500000000,450.0000000000
1.4600000000,495.0000000000
2.2500000000,290.0000000000
2.2600000000,345.0000000000
2.2700000000,937.0000000000
0.9900000000,625.0000000000
2.5000000000,428.0000000000
3.7500000000,660.0000000000
2.9900000000,406.0000000000
2.1700000000,710.0000000000
1.3600000000,562.0000000000
2.1100000000,438.0000000000
1.6400000000,415.0000000000
1.9200000000,672.0000000000
1.8400000000,315.0000000000
2.0300000000,510.0000000000
1.7600000000,488.0000000000
2.0400000000,312.0000000000
2.9200000000,680.0000000000
2.5800000000,562.0000000000
2.2700000000,325.0000000000
2.0300000000,607.0000000000
2.0100000000,434.0000000000
2.2900000000,385.0000000000
2.1700000000,407.0000000000
1.6000000000,495.0000000000
2.0900000000,345.0000000000
1.2500000000,372.0000000000
1.6400000000,564.0000000000
2.7900000000,625.0000000000
5.0800000000,465.0000000000
2.1300000000,365.0000000000
2.6500000000,380.0000000000
3.0300000000,380.0000000000
2.6500000000,378.0000000000
3.1500000000,352.0000000000
2.2400000000,466.0000000000
2.4500000000,342.0000000000
1.7500000000,580.0000000000
1.2500000000,630.0000000000
1.2200000000,530.0000000000
1.0900000000,560.0000000000
1.2000000000,600.0000000000
0.5800000000,650.0000000000
0.6600000000,695.0000000000
0.4700000000,720.0000000000
0.6000000000,515.0000000000
0.4800000000,580.0000000000
0.6000000000,590.0000000000
0.5000000000,600.0000000000
0.5000000000,780.0000000000
0.5200000000,520.0000000000
0.8000000000,550.0000000000
0.7800000000,855.0000000000
0.5500000000,830.0000000000
0.3400000000,415.0000000000
0.6500000000,625.0000000000
0.7600000000,650.0000000000
1.3900000000,550.0000000000
1.5700000000,500.0000000000
1.3600000000,480.0000000000
1.2800000000,425.0000000000
0.8300000000,675.0000000000
0.5800000000,640.0000000000
0.6300000000,725.0000000000
0.8300000000,480.0000000000
0.5800000000,880.0000000000
1.3100000000,660.0000000000
1.1000000000,620.0000000000
0.9200000000,520.0000000000
0.5600000000,680.0000000000
0.6000000000,570.0000000000
0.7000000000,675.0000000000
0.6800000000,615.0000000000
0.4700000000,520.0000000000
0.9200000000,695.0000000000
0.6600000000,685.0000000000
0.8400000000,750.0000000000
0.9600000000,630.0000000000
0.4900000000,510.0000000000
0.5100000000,470.0000000000
0.7000000000,660.0000000000
0.6100000000,740.0000000000
0.7500000000,750.0000000000
0.6900000000,835.0000000000
0.6800000000,840.0000000000
0.7600000000,560.0000000000
