3.0600000000,3.9200000000
2.7600000000,3.4000000000
3.2400000000,3.1700000000
3.4900000000,3.4500000000
2.6900000000,2.9300000000
3.3900000000,2.8500000000
2.5200000000,3.5800000000
2.5100000000,3.5800000000
2.9800000000,2.8500000000
3.1500000000,3.5500000000
3.3200000000,3.1700000000
2.4300000000,2.8200000000
2.7600000000,2.9000000000
3.6900000000,2.7300000000
3.6400000000,3.0000000000
2.9100000000,2.8800000000
3.1400000000,2.6500000000
3.4000000000,2.5700000000
3.9300000000,2.8200000000
3.0300000000,3.3600000000
3.1700000000,3.7100000000
2.4100000000,3.5200000000
2.8800000000,4.0000000000
2.3700000000,3.6300000000
2.6100000000,3.8200000000
2.6800000000,3.2000000000
2.9400000000,3.2200000000
2.1900000000,2.7700000000
2.9700000000,3.4000000000
2.3300000000,3.5900000000
3.2500000000,2.7100000000
3.1900000000,2.8800000000
2.6900000000,2.8700000000
2.7400000000,3.0000000000
2.5300000000,2.8700000000
2.9800000000,3.4700000000
2.6800000000,2.7800000000
2.4300000000,2.5100000000
2.6400000000,2.6900000000
3.0400000000,3.5300000000
3.2900000000,3.3800000000
2.6800000000,3.0000000000
3.5600000000,3.5600000000
2.6300000000,3.0000000000
3.0000000000,3.3500000000
2.6500000000,3.3300000000
3.1700000000,3.4400000000
3.3900000000,3.3300000000
2.9200000000,2.7500000000
3.5400000000,3.1000000000
3.2700000000,2.9100000000
2.9900000000,3.3700000000
3.7400000000,3.2600000000
2.7900000000,2.9300000000
2.9000000000,3.2000000000
2.7800000000,3.0300000000
3.0000000000,3.3100000000
3.2300000000,2.8400000000
3.6700000000,2.8700000000
0.5700000000,1.8200000000
1.0900000000,1.6700000000
1.4100000000,1.5900000000
1.7900000000,2.4600000000
3.1000000000,2.8700000000
1.7500000000,2.2300000000
2.6500000000,2.3000000000
3.1800000000,3.1800000000
2.0000000000,3.4800000000
1.3000000000,1.9300000000
1.2800000000,3.0700000000
1.0200000000,1.8200000000
2.8600000000,3.1600000000
1.8400000000,2.7800000000
2.8900000000,3.5000000000
2.1400000000,3.1300000000
1.5700000000,2.1400000000
2.0300000000,2.4800000000
1.3200000000,2.5200000000
1.8500000000,2.3100000000
2.5500000000,3.1300000000
2.2600000000,3.1200000000
2.5300000000,3.1400000000
1.5800000000,2.7200000000
1.5900000000,2.0100000000
2.2100000000,3.0800000000
1.9400000000,3.1600000000
1.6900000000,2.2600000000
1.6100000000,3.2100000000
1.6900000000,2.7500000000
1.5900000000,3.2100000000
1.5000000000,2.2700000000
1.2500000000,2.6500000000
1.4600000000,2.0600000000
2.2500000000,3.3000000000
2.2600000000,2.9600000000
2.2700000000,2.6300000000
0.9900000000,2.2600000000
2.5000000000,2.7400000000
3.7500000000,2.7700000000
2.9900000000,2.8300000000
2.1700000000,2.9600000000
1.3600000000,2.7700000000
2.1100000000,3.3800000000
1.6400000000,2.4400000000
1.9200000000,3.5700000000
1.8400000000,3.3000000000
2.0300000000,3.1700000000
1.7600000000,2.4200000000
2.0400000000,3.0200000000
2.9200000000,3.2600000000
2.5800000000,2.8100000000
2.2700000000,2.7800000000
2.0300000000,2.5000000000
2.0100000000,2.3100000000
2.2900000000,3.1900000000
2.1700000000,2.8700000000
1.6000000000,3.3300000000
2.0900000000,2.9600000000
1.2500000000,2.1200000000
1.6400000000,3.0500000000
2.7900000000,3.3900000000
5.0800000000,3.6900000000
2.1300000000,3.1200000000
2.6500000000,3.1000000000
3.0300000000,3.6400000000
2.6500000000,3.2800000000
3.1500000000,2.8400000000
2.2400000000,2.4400000000
2.4500000000,2.7800000000
1.7500000000,2.5700000000
1.2500000000,1.2900000000
1.2200000000,1.4200000000
1.0900000000,1.3600000000
1.2000000000,1.2900000000
0.5800000000,1.5100000000
0.6600000000,1.5800000000
0.4700000000,1.2700000000
0.6000000000,1.6900000000
0.4800000000,1.8200000000
0.6000000000,2.1500000000
0.5000000000,2.3100000000
0.5000000000,2.4700000000
0.5200000000,2.0600000000
0.8000000000,2.0500000000
0.7800000000,2.0000000000
0.5500000000,1.6800000000
0.3400000000,1.3300000000
0.6500000000,1.8600000000
0.7600000000,1.6200000000
1.3900000000,1.3300000000
1.5700000000,1.3000000000
1.3600000000,1.4700000000
1.2800000000,1.3300000000
0.8300000000,1.5100000000
0.5800000000,1.5500000000
0.6300000000,1.4800000000
0.8300000000,1.6400000000
0.5800000000,1.7300000000
1.3100000000,1.9600000000
1.1000000000,1.7800000000
0.9200000000,1.5800000000
0.5600000000,1.8200000000
0.6000000000,2.1100000000
0.7000000000,1.7500000000
0.6800000000,1.6800000000
0.4700000000,1.7500000000
0.9200000000,1.5600000000
0.6600000000,1.7500000000
0.8400000000,1.8000000000
0.9600000000,1.9200000000
0.4900000000,1.8300000000
0.5100000000,1.6300000000
0.7000000000,1.7100000000
0.6100000000,1.7400000000
0.7500000000,1.5600000000
0.6900000000,1.5600000000
0.6800000000,1.6200000000
0.7600000000,1.6000000000
